1.544022013742479271e-01 -4.208194905869324515e-02
8.027328732436180003e-02 -3.875968992248061962e-02
8.027328732436180003e-02 -3.875968992248061962e-02
8.027328732436180003e-02 -3.875968992248061962e-02
1.552465932431817408e-01 -4.318936877076411801e-02
1.552465932431817408e-01 -4.318936877076411801e-02
8.258790454260100944e-02 -3.986710963455149248e-02
8.027328732436180003e-02 -3.875968992248061962e-02
1.544022013742479271e-01 -4.208194905869324515e-02
1.504615310868367140e-01 -4.097452934662237228e-02
1.504615310868367140e-01 -4.097452934662237228e-02
1.552465932431817408e-01 -4.318936877076411801e-02
1.504615310868367140e-01 -4.097452934662237228e-02
1.544022013742479271e-01 -4.208194905869324515e-02
8.258790454260100944e-02 -3.986710963455149248e-02
8.258790454260100944e-02 -3.986710963455149248e-02
6.292506454172545893e-02 -6.644518272425249325e-03
6.919911875593165451e-02 -2.768549280177187016e-02
1.504615310868367140e-01 -4.097452934662237228e-02
7.254255122323158278e-02 -3.433001107419712122e-02
6.200317653814033103e-02 -2.214839424141749630e-03
6.980583922294963939e-02 -2.879291251384274650e-02
6.980583922294963939e-02 -2.879291251384274650e-02
6.333021018921818068e-02 -7.751937984496123923e-03
7.352746345306565567e-02 -3.654485049833887389e-02
6.494004631993155474e-02 -1.218161683277962405e-02
6.605039025690087606e-02 -1.993355481727574624e-02
8.258790454260100944e-02 -3.986710963455149248e-02
7.352746345306565567e-02 -3.654485049833887389e-02
7.364596199795596376e-02 -3.765227021040974675e-02
6.919911875593165451e-02 -2.768549280177187016e-02
8.027328732436180003e-02 -3.875968992248061962e-02
6.893666350529069342e-02 -2.657807308970099730e-02
7.254255122323158278e-02 -3.433001107419712122e-02
1.552465932431817408e-01 -4.318936877076411801e-02
7.137904706872351401e-02 -3.211517165005536856e-02
6.258301751060307838e-02 -4.429678848283499261e-03
7.338576574705098221e-02 -3.543743078626799409e-02
8.258790454260100944e-02 -3.986710963455149248e-02
8.027328732436180003e-02 -3.875968992248061962e-02
6.200317653814033103e-02 -2.214839424141749630e-03
8.258790454260100944e-02 -3.986710963455149248e-02
6.705070237158951285e-02 -2.325581395348837177e-02
8.027328732436180003e-02 -3.875968992248061962e-02
6.604735062279787350e-02 -1.882613510520487338e-02
6.980583922294963939e-02 -2.879291251384274650e-02
6.292506454172545893e-02 -6.644518272425249325e-03
7.364596199795596376e-02 -3.765227021040974675e-02
6.893666350529069342e-02 -2.657807308970099730e-02
7.254255122323158278e-02 -3.433001107419712122e-02
8.258790454260100944e-02 -3.986710963455149248e-02
7.352746345306565567e-02 -3.654485049833887389e-02
7.137904706872351401e-02 -3.211517165005536856e-02
6.980583922294963939e-02 -2.879291251384274650e-02
1.544022013742479271e-01 -4.208194905869324515e-02
7.338576574705098221e-02 -3.543743078626799409e-02
6.407324712043876991e-02 -9.966777408637873120e-03
6.765742283860748385e-02 -2.436323366555924810e-02
6.441341247805933146e-02 -1.107419712070874945e-02
7.254255122323158278e-02 -3.433001107419712122e-02
7.039413483888944112e-02 -2.990033222591362283e-02
7.123734936270884055e-02 -3.100775193798449569e-02
8.258790454260100944e-02 -3.986710963455149248e-02
6.765742283860748385e-02 -2.436323366555924810e-02
6.333021018921818068e-02 -7.751937984496123923e-03
7.254255122323158278e-02 -3.433001107419712122e-02
6.919911875593165451e-02 -2.768549280177187016e-02
7.364596199795596376e-02 -3.765227021040974675e-02
1.552465932431817408e-01 -4.318936877076411801e-02
6.604735062279787350e-02 -1.882613510520487338e-02
8.258790454260100944e-02 -3.986710963455149248e-02
1.504615310868367140e-01 -4.097452934662237228e-02
1.552465932431817408e-01 -4.318936877076411801e-02
1.544022013742479271e-01 -4.208194905869324515e-02
6.837547200338008058e-02 -2.547065337763012097e-02
1.504615310868367140e-01 -4.097452934662237228e-02
7.338576574705098221e-02 -3.543743078626799409e-02
6.765742283860748385e-02 -2.436323366555924810e-02
1.544022013742479271e-01 -4.208194905869324515e-02
7.039413483888944112e-02 -2.990033222591362283e-02
1.552465932431817408e-01 -4.318936877076411801e-02
7.149754561361382210e-02 -3.322259136212624836e-02
1.544022013742479271e-01 -4.208194905869324515e-02
6.390940818128429401e-02 -8.859357696566998522e-03
6.407324712043876991e-02 -9.966777408637873120e-03
6.980583922294963939e-02 -2.879291251384274650e-02
8.258790454260100944e-02 -3.986710963455149248e-02
7.149754561361382210e-02 -3.322259136212624836e-02
1.544022013742479271e-01 -4.208194905869324515e-02
8.258790454260100944e-02 -3.986710963455149248e-02
8.027328732436180003e-02 -3.875968992248061962e-02
8.258790454260100944e-02 -3.986710963455149248e-02
7.039413483888944112e-02 -2.990033222591362283e-02
6.837547200338008058e-02 -2.547065337763012097e-02
6.441341247805933146e-02 -1.107419712070874945e-02
7.352746345306565567e-02 -3.654485049833887389e-02
6.980583922294963939e-02 -2.879291251384274650e-02
1.504615310868367140e-01 -4.097452934662237228e-02
8.258790454260100944e-02 -3.986710963455149248e-02
7.338576574705098221e-02 -3.543743078626799409e-02
7.364596199795596376e-02 -3.765227021040974675e-02
8.258790454260100944e-02 -3.986710963455149248e-02
6.200317653814033103e-02 -2.214839424141749630e-03
7.254255122323158278e-02 -3.433001107419712122e-02
6.919911875593165451e-02 -2.768549280177187016e-02
6.980583922294963939e-02 -2.879291251384274650e-02
7.352746345306565567e-02 -3.654485049833887389e-02
7.352746345306565567e-02 -3.654485049833887389e-02
7.338576574705098221e-02 -3.543743078626799409e-02
8.027328732436180003e-02 -3.875968992248061962e-02
1.504615310868367140e-01 -4.097452934662237228e-02
8.258790454260100944e-02 -3.986710963455149248e-02
6.893666350529069342e-02 -2.657807308970099730e-02
6.919911875593165451e-02 -2.768549280177187016e-02
1.504615310868367140e-01 -4.097452934662237228e-02
6.765742283860748385e-02 -2.436323366555924810e-02
6.494004631993155474e-02 -1.218161683277962405e-02
7.338576574705098221e-02 -3.543743078626799409e-02
7.364596199795596376e-02 -3.765227021040974675e-02
7.364596199795596376e-02 -3.765227021040974675e-02
7.364596199795596376e-02 -3.765227021040974675e-02
6.980583922294963939e-02 -2.879291251384274650e-02
8.027328732436180003e-02 -3.875968992248061962e-02
6.980583922294963939e-02 -2.879291251384274650e-02
8.258790454260100944e-02 -3.986710963455149248e-02
1.544022013742479271e-01 -4.208194905869324515e-02
7.123734936270884055e-02 -3.100775193798449569e-02
7.338576574705098221e-02 -3.543743078626799409e-02
6.678824712094853788e-02 -2.214839424141749891e-02
7.254255122323158278e-02 -3.433001107419712122e-02
7.364596199795596376e-02 -3.765227021040974675e-02
1.544022013742479271e-01 -4.208194905869324515e-02
1.544022013742479271e-01 -4.208194905869324515e-02
1.544022013742479271e-01 -4.208194905869324515e-02
8.027328732436180003e-02 -3.875968992248061962e-02
6.667015400508184697e-02 -2.104097452934662257e-02
1.552465932431817408e-01 -4.318936877076411801e-02
1.552465932431817408e-01 -4.318936877076411801e-02
7.352746345306565567e-02 -3.654485049833887389e-02
7.149754561361382210e-02 -3.322259136212624836e-02
8.258790454260100944e-02 -3.986710963455149248e-02
