3.158564461287701186e-01 -3.431372549019608142e-02 -1.143790849673202541e-02
3.158564461287701186e-01 -3.431372549019608142e-02 -1.143790849673202541e-02
3.158564461287701186e-01 -3.431372549019608142e-02 -1.143790849673202541e-02
3.158564461287701186e-01 -3.431372549019608142e-02 -1.143790849673202541e-02
2.803450790333697484e-01 -3.676470588235294240e-02 -1.633986928104575213e-03
2.534902826049552083e-01 -3.921568627450980338e-02 -4.901960784313725422e-03
2.425947944751085383e-01 -4.166666666666666435e-02 0.000000000000000000e+00
3.680192892277551753e-01 -4.901960784313725422e-02 -3.267973856209150426e-03
3.680192892277551753e-01 -4.901960784313725422e-02 -3.267973856209150426e-03
2.438464138214114785e-01 -4.901960784313725422e-02 0.000000000000000000e+00
3.298958817630937568e-01 -5.882352941176470507e-02 -3.267973856209150426e-03
2.945778615357699803e-01 -6.127450980392156604e-02 -4.901960784313725422e-03
2.945778615357699803e-01 -6.127450980392156604e-02 -4.901960784313725422e-03
2.945778615357699803e-01 -6.127450980392156604e-02 -4.901960784313725422e-03
2.521471248039499624e-01 -6.372549019607842702e-02 0.000000000000000000e+00
2.521471248039499624e-01 -6.372549019607842702e-02 0.000000000000000000e+00
2.845656432145396431e-01 -7.352941176470588480e-02 -1.470588235294117627e-02
2.845656432145396431e-01 -7.352941176470588480e-02 -1.470588235294117627e-02
2.845656432145396431e-01 -7.352941176470588480e-02 -1.470588235294117627e-02
2.845656432145396431e-01 -7.352941176470588480e-02 -1.470588235294117627e-02
2.845656432145396431e-01 -7.352941176470588480e-02 -1.470588235294117627e-02
2.840620559486198848e-01 -7.843137254901960675e-02 -3.267973856209150426e-03
2.840620559486198848e-01 -7.843137254901960675e-02 -3.267973856209150426e-03
2.648305084041320812e-01 -8.088235294117647467e-02 -1.633986928104575213e-03
1.891434322567739357e-01 -8.088235294117647467e-02 -1.633986928104575213e-03
1.891434322567739357e-01 -8.088235294117647467e-02 -1.633986928104575213e-03
1.891434322567739357e-01 -8.088235294117647467e-02 -1.633986928104575213e-03
1.891434322567739357e-01 -8.088235294117647467e-02 -1.633986928104575213e-03
2.652534880665558537e-01 -9.558823529411764053e-02 -1.633986928104575213e-03
2.652534880665558537e-01 -9.558823529411764053e-02 -1.633986928104575213e-03
2.652534880665558537e-01 -9.558823529411764053e-02 -1.633986928104575213e-03
2.652534880665558537e-01 -9.558823529411764053e-02 -1.633986928104575213e-03
2.649732873928711818e-01 -9.803921568627450844e-02 -1.633986928104575213e-03
2.649732873928711818e-01 -9.803921568627450844e-02 -1.633986928104575213e-03
2.649732873928711818e-01 -9.803921568627450844e-02 -1.633986928104575213e-03
2.649732873928711818e-01 -9.803921568627450844e-02 -1.633986928104575213e-03
2.649732873928711818e-01 -9.803921568627450844e-02 -1.633986928104575213e-03
2.649732873928711818e-01 -9.803921568627450844e-02 -1.633986928104575213e-03
2.649732873928711818e-01 -9.803921568627450844e-02 -1.633986928104575213e-03
2.649732873928711818e-01 -9.803921568627450844e-02 -1.633986928104575213e-03
2.649732873928711818e-01 -9.803921568627450844e-02 -1.633986928104575213e-03
2.649732873928711818e-01 -9.803921568627450844e-02 -1.633986928104575213e-03
2.649732873928711818e-01 -9.803921568627450844e-02 -1.633986928104575213e-03
2.649732873928711818e-01 -9.803921568627450844e-02 -1.633986928104575213e-03
2.649732873928711818e-01 -9.803921568627450844e-02 -1.633986928104575213e-03
2.649732873928711818e-01 -9.803921568627450844e-02 -1.633986928104575213e-03
2.649732873928711818e-01 -9.803921568627450844e-02 -1.633986928104575213e-03
2.649732873928711818e-01 -9.803921568627450844e-02 -1.633986928104575213e-03
2.649732873928711818e-01 -9.803921568627450844e-02 -1.633986928104575213e-03
2.649732873928711818e-01 -9.803921568627450844e-02 -1.633986928104575213e-03
2.649732873928711818e-01 -9.803921568627450844e-02 -1.633986928104575213e-03
2.649732873928711818e-01 -9.803921568627450844e-02 -1.633986928104575213e-03
2.649732873928711818e-01 -9.803921568627450844e-02 -1.633986928104575213e-03
2.649732873928711818e-01 -9.803921568627450844e-02 -1.633986928104575213e-03
2.649732873928711818e-01 -9.803921568627450844e-02 -1.633986928104575213e-03
2.649732873928711818e-01 -9.803921568627450844e-02 -1.633986928104575213e-03
2.649732873928711818e-01 -9.803921568627450844e-02 -1.633986928104575213e-03
2.649732873928711818e-01 -9.803921568627450844e-02 -1.633986928104575213e-03
2.649732873928711818e-01 -9.803921568627450844e-02 -1.633986928104575213e-03
2.649732873928711818e-01 -9.803921568627450844e-02 -1.633986928104575213e-03
2.649732873928711818e-01 -9.803921568627450844e-02 -1.633986928104575213e-03
2.649732873928711818e-01 -9.803921568627450844e-02 -1.633986928104575213e-03
2.649732873928711818e-01 -9.803921568627450844e-02 -1.633986928104575213e-03
2.649732873928711818e-01 -9.803921568627450844e-02 -1.633986928104575213e-03
2.649732873928711818e-01 -9.803921568627450844e-02 -1.633986928104575213e-03
2.649732873928711818e-01 -9.803921568627450844e-02 -1.633986928104575213e-03
2.649732873928711818e-01 -9.803921568627450844e-02 -1.633986928104575213e-03
2.649732873928711818e-01 -9.803921568627450844e-02 -1.633986928104575213e-03
2.649732873928711818e-01 -9.803921568627450844e-02 -1.633986928104575213e-03
2.649732873928711818e-01 -9.803921568627450844e-02 -1.633986928104575213e-03
2.649732873928711818e-01 -9.803921568627450844e-02 -1.633986928104575213e-03
2.655718972920417809e-01 -1.004901960784313764e-01 -1.633986928104575213e-03
2.655718972920417809e-01 -1.004901960784313764e-01 -1.633986928104575213e-03
2.655718972920417809e-01 -1.004901960784313764e-01 -1.633986928104575213e-03
2.655718972920417809e-01 -1.004901960784313764e-01 -1.633986928104575213e-03
2.655672304764850611e-01 -1.004901960784313764e-01 -1.633986928104575213e-03
2.655605289828198989e-01 -1.004901960784313764e-01 -1.633986928104575213e-03
2.655605289828198989e-01 -1.004901960784313764e-01 -1.633986928104575213e-03
2.655605289828198989e-01 -1.004901960784313764e-01 -1.633986928104575213e-03
2.655605289828198989e-01 -1.004901960784313764e-01 -1.633986928104575213e-03
2.653484491864981365e-01 -1.004901960784313764e-01 -1.633986928104575213e-03
2.653484491864981365e-01 -1.004901960784313764e-01 -1.633986928104575213e-03
2.653484491864981365e-01 -1.004901960784313764e-01 -1.633986928104575213e-03
2.653484491864981365e-01 -1.004901960784313764e-01 -1.633986928104575213e-03
2.653484491864981365e-01 -1.004901960784313764e-01 -1.633986928104575213e-03
2.653484491864981365e-01 -1.004901960784313764e-01 -1.633986928104575213e-03
2.653484491864981365e-01 -1.004901960784313764e-01 -1.633986928104575213e-03
2.653484491864981365e-01 -1.004901960784313764e-01 -1.633986928104575213e-03
2.653484491864981365e-01 -1.004901960784313764e-01 -1.633986928104575213e-03
2.653484491864981365e-01 -1.004901960784313764e-01 -1.633986928104575213e-03
2.653484491864981365e-01 -1.004901960784313764e-01 -1.633986928104575213e-03
2.653484491864981365e-01 -1.004901960784313764e-01 -1.633986928104575213e-03
2.653715279924080406e-01 -1.004901960784313764e-01 -3.267973856209150426e-03
2.653715279924080406e-01 -1.004901960784313764e-01 -3.267973856209150426e-03
2.650925603877513081e-01 -1.004901960784313764e-01 -1.633986928104575213e-03
2.650925603877513081e-01 -1.004901960784313764e-01 -1.633986928104575213e-03
2.650925603877513081e-01 -1.004901960784313764e-01 -1.633986928104575213e-03
2.650925603877513081e-01 -1.004901960784313764e-01 -1.633986928104575213e-03
2.650925603877513081e-01 -1.004901960784313764e-01 -1.633986928104575213e-03
2.650925603877513081e-01 -1.004901960784313764e-01 -1.633986928104575213e-03
2.650925603877513081e-01 -1.004901960784313764e-01 -1.633986928104575213e-03
2.650925603877513081e-01 -1.004901960784313764e-01 -1.633986928104575213e-03
2.650925603877513081e-01 -1.004901960784313764e-01 -1.633986928104575213e-03
2.650925603877513081e-01 -1.004901960784313764e-01 -1.633986928104575213e-03
2.651314647950566150e-01 -1.029411764705882304e-01 -3.267973856209150426e-03
2.651314647950566150e-01 -1.029411764705882304e-01 -3.267973856209150426e-03
2.651314647950566150e-01 -1.029411764705882304e-01 -3.267973856209150426e-03
2.651314647950566150e-01 -1.029411764705882304e-01 -3.267973856209150426e-03
2.651314647950566150e-01 -1.029411764705882304e-01 -3.267973856209150426e-03
2.651314647950566150e-01 -1.029411764705882304e-01 -3.267973856209150426e-03
2.651314647950566150e-01 -1.029411764705882304e-01 -3.267973856209150426e-03
2.651314647950566150e-01 -1.029411764705882304e-01 -3.267973856209150426e-03
2.651314647950566150e-01 -1.029411764705882304e-01 -3.267973856209150426e-03
2.651314647950566150e-01 -1.029411764705882304e-01 -3.267973856209150426e-03
2.651314647950566150e-01 -1.029411764705882304e-01 -3.267973856209150426e-03
2.651314647950566150e-01 -1.029411764705882304e-01 -3.267973856209150426e-03
2.651314647950566150e-01 -1.029411764705882304e-01 -3.267973856209150426e-03
2.651314647950566150e-01 -1.029411764705882304e-01 -3.267973856209150426e-03
2.651314647950566150e-01 -1.029411764705882304e-01 -3.267973856209150426e-03
2.651314647950566150e-01 -1.029411764705882304e-01 -3.267973856209150426e-03
2.651314647950566150e-01 -1.029411764705882304e-01 -3.267973856209150426e-03
2.651314647950566150e-01 -1.029411764705882304e-01 -3.267973856209150426e-03
1.854952513203295683e-01 -1.029411764705882304e-01 0.000000000000000000e+00
1.854952513203295683e-01 -1.029411764705882304e-01 0.000000000000000000e+00
1.854952513203295683e-01 -1.029411764705882304e-01 0.000000000000000000e+00
1.854952513203295683e-01 -1.029411764705882304e-01 0.000000000000000000e+00
1.854952513203295683e-01 -1.029411764705882304e-01 0.000000000000000000e+00
1.859387927838353494e-01 -1.078431372549019662e-01 0.000000000000000000e+00
1.859387927838353494e-01 -1.078431372549019662e-01 0.000000000000000000e+00
1.859387927838353494e-01 -1.078431372549019662e-01 0.000000000000000000e+00
1.859387927838353494e-01 -1.078431372549019662e-01 0.000000000000000000e+00
1.859387927838353494e-01 -1.078431372549019662e-01 0.000000000000000000e+00
1.859387927838353494e-01 -1.078431372549019662e-01 0.000000000000000000e+00
1.859387927838353494e-01 -1.078431372549019662e-01 0.000000000000000000e+00
1.859387927838353494e-01 -1.078431372549019662e-01 0.000000000000000000e+00
1.859387927838353494e-01 -1.078431372549019662e-01 0.000000000000000000e+00
1.859387927838353494e-01 -1.078431372549019662e-01 0.000000000000000000e+00
1.857743757809847962e-01 -1.127450980392156882e-01 0.000000000000000000e+00
1.857743757809847962e-01 -1.127450980392156882e-01 0.000000000000000000e+00
1.857743757809847962e-01 -1.127450980392156882e-01 0.000000000000000000e+00
1.857743757809847962e-01 -1.127450980392156882e-01 0.000000000000000000e+00
1.857743757809847962e-01 -1.127450980392156882e-01 0.000000000000000000e+00
1.857743757809847962e-01 -1.127450980392156882e-01 0.000000000000000000e+00
1.857743757809847962e-01 -1.127450980392156882e-01 0.000000000000000000e+00
1.857743757809847962e-01 -1.127450980392156882e-01 0.000000000000000000e+00
1.857743757809847962e-01 -1.127450980392156882e-01 0.000000000000000000e+00
1.854899479809140883e-01 -1.127450980392156882e-01 0.000000000000000000e+00
1.854899479809140883e-01 -1.127450980392156882e-01 0.000000000000000000e+00
1.854899479809140883e-01 -1.127450980392156882e-01 0.000000000000000000e+00
1.854899479809140883e-01 -1.127450980392156882e-01 0.000000000000000000e+00
1.854899479809140883e-01 -1.127450980392156882e-01 0.000000000000000000e+00
1.854899479809140883e-01 -1.127450980392156882e-01 0.000000000000000000e+00
1.854899479809140883e-01 -1.127450980392156882e-01 0.000000000000000000e+00
1.854899479809140883e-01 -1.127450980392156882e-01 0.000000000000000000e+00
1.854899479809140883e-01 -1.127450980392156882e-01 0.000000000000000000e+00
1.854899479809140883e-01 -1.127450980392156882e-01 0.000000000000000000e+00
1.854899479809140883e-01 -1.127450980392156882e-01 0.000000000000000000e+00
1.850116114322376548e-01 -1.151960784313725422e-01 -1.633986928104575213e-03
1.850116114322376548e-01 -1.151960784313725422e-01 -1.633986928104575213e-03
1.850116114322376548e-01 -1.151960784313725422e-01 -1.633986928104575213e-03
1.850116114322376548e-01 -1.151960784313725422e-01 -1.633986928104575213e-03
1.850116114322376548e-01 -1.151960784313725422e-01 -1.633986928104575213e-03
1.850116114322376548e-01 -1.151960784313725422e-01 -1.633986928104575213e-03
1.850116114322376548e-01 -1.151960784313725422e-01 -1.633986928104575213e-03
1.849761501663555185e-01 -1.151960784313725422e-01 -1.633986928104575213e-03
1.849761501663555185e-01 -1.151960784313725422e-01 -1.633986928104575213e-03
1.849761501663555185e-01 -1.151960784313725422e-01 -1.633986928104575213e-03
1.849761501663555185e-01 -1.151960784313725422e-01 -1.633986928104575213e-03
1.849761501663555185e-01 -1.151960784313725422e-01 -1.633986928104575213e-03
1.849761501663555185e-01 -1.151960784313725422e-01 -1.633986928104575213e-03
1.849761501663555185e-01 -1.151960784313725422e-01 -1.633986928104575213e-03
1.849761501663555185e-01 -1.151960784313725422e-01 -1.633986928104575213e-03
1.849761501663555185e-01 -1.151960784313725422e-01 -1.633986928104575213e-03
1.849761501663555185e-01 -1.151960784313725422e-01 -1.633986928104575213e-03
1.849761501663555185e-01 -1.151960784313725422e-01 -1.633986928104575213e-03
1.849761501663555185e-01 -1.151960784313725422e-01 -1.633986928104575213e-03
1.849761501663555185e-01 -1.151960784313725422e-01 -1.633986928104575213e-03
1.849761501663555185e-01 -1.151960784313725422e-01 -1.633986928104575213e-03
1.849761501663555185e-01 -1.151960784313725422e-01 -1.633986928104575213e-03
1.849761501663555185e-01 -1.151960784313725422e-01 -1.633986928104575213e-03
1.849761501663555185e-01 -1.151960784313725422e-01 -1.633986928104575213e-03
1.848829275635442693e-01 -1.176470588235294101e-01 -1.633986928104575213e-03
1.848829275635442693e-01 -1.176470588235294101e-01 -1.633986928104575213e-03
1.848829275635442693e-01 -1.176470588235294101e-01 -1.633986928104575213e-03
1.848829275635442693e-01 -1.176470588235294101e-01 -1.633986928104575213e-03
1.848753776775131363e-01 -1.176470588235294101e-01 -1.633986928104575213e-03
1.848753776775131363e-01 -1.176470588235294101e-01 -1.633986928104575213e-03
1.848753776775131363e-01 -1.176470588235294101e-01 -1.633986928104575213e-03
1.848753776775131363e-01 -1.176470588235294101e-01 -1.633986928104575213e-03
1.848753776775131363e-01 -1.176470588235294101e-01 -1.633986928104575213e-03
1.848753776775131363e-01 -1.176470588235294101e-01 -1.633986928104575213e-03
1.848753776775131363e-01 -1.176470588235294101e-01 -1.633986928104575213e-03
1.848753776775131363e-01 -1.176470588235294101e-01 -1.633986928104575213e-03
1.848753776775131363e-01 -1.176470588235294101e-01 -1.633986928104575213e-03
1.848753776775131363e-01 -1.176470588235294101e-01 -1.633986928104575213e-03
1.848753776775131363e-01 -1.176470588235294101e-01 -1.633986928104575213e-03
1.848753776775131363e-01 -1.176470588235294101e-01 -1.633986928104575213e-03
1.848753776775131363e-01 -1.176470588235294101e-01 -1.633986928104575213e-03
1.848753776775131363e-01 -1.176470588235294101e-01 -1.633986928104575213e-03
1.848753776775131363e-01 -1.176470588235294101e-01 -1.633986928104575213e-03
