4.142700579938030092e-01 -5.727272727272727376e-02 -5.454545454545454974e-03
4.142700579938030092e-01 -5.727272727272727376e-02 -5.454545454545454974e-03
4.142700579938030092e-01 -5.727272727272727376e-02 -5.454545454545454974e-03
4.142700579938030092e-01 -5.727272727272727376e-02 -5.454545454545454974e-03
4.142700579938030092e-01 -5.727272727272727376e-02 -5.454545454545454974e-03
4.142700579938030092e-01 -5.727272727272727376e-02 -5.454545454545454974e-03
4.142700579938030092e-01 -5.727272727272727376e-02 -5.454545454545454974e-03
3.590137108113072295e-01 -6.545454545454545969e-02 -3.636363636363636360e-03
7.527747386658746320e-01 -7.363636363636363869e-02 0.000000000000000000e+00
4.287131489880970370e-01 -7.363636363636363869e-02 0.000000000000000000e+00
5.101103197765760600e-01 -9.545454545454545858e-02 -1.818181818181818180e-03
3.920850364224455209e-01 -9.818181818181817566e-02 0.000000000000000000e+00
3.920850364224455209e-01 -9.818181818181817566e-02 0.000000000000000000e+00
2.629861955156757025e-01 -1.063636363636363685e-01 0.000000000000000000e+00
2.629861955156757025e-01 -1.063636363636363685e-01 0.000000000000000000e+00
3.422044571147088710e-01 -1.336363636363636365e-01 -1.090909090909090995e-02
3.922105046913609838e-01 -1.418181818181818155e-01 -3.636363636363636360e-03
3.922105046913609838e-01 -1.418181818181818155e-01 -3.636363636363636360e-03
3.922105046913609838e-01 -1.418181818181818155e-01 -3.636363636363636360e-03
3.922105046913609838e-01 -1.418181818181818155e-01 -3.636363636363636360e-03
3.922105046913609838e-01 -1.418181818181818155e-01 -3.636363636363636360e-03
3.922105046913609838e-01 -1.418181818181818155e-01 -3.636363636363636360e-03
3.813836527182782876e-01 -1.418181818181818155e-01 -1.818181818181818180e-03
3.065998077937642230e-01 -1.445454545454545325e-01 -3.636363636363636360e-03
3.068115705842801022e-01 -1.472727272727272774e-01 -3.636363636363636360e-03
3.068115705842801022e-01 -1.472727272727272774e-01 -3.636363636363636360e-03
3.068115705842801022e-01 -1.472727272727272774e-01 -3.636363636363636360e-03
3.068115705842801022e-01 -1.472727272727272774e-01 -3.636363636363636360e-03
3.068115705842801022e-01 -1.472727272727272774e-01 -3.636363636363636360e-03
3.068115705842801022e-01 -1.472727272727272774e-01 -3.636363636363636360e-03
2.237028158088074647e-01 -1.499999999999999944e-01 -1.090909090909090995e-02
2.237028158088074647e-01 -1.499999999999999944e-01 -1.090909090909090995e-02
2.238781367424180768e-01 -1.527272727272727393e-01 -1.454545454545454544e-02
2.238781367424180768e-01 -1.527272727272727393e-01 -1.454545454545454544e-02
2.238781367424180768e-01 -1.527272727272727393e-01 -1.454545454545454544e-02
2.240079675717115137e-01 -1.554545454545454564e-01 -1.454545454545454544e-02
2.240079675717115137e-01 -1.554545454545454564e-01 -1.454545454545454544e-02
2.240079675717115137e-01 -1.554545454545454564e-01 -1.454545454545454544e-02
2.247858764578010149e-01 -1.609090909090909183e-01 -3.636363636363636360e-03
2.247858764578010149e-01 -1.609090909090909183e-01 -3.636363636363636360e-03
2.247858764578010149e-01 -1.609090909090909183e-01 -3.636363636363636360e-03
2.247858764578010149e-01 -1.609090909090909183e-01 -3.636363636363636360e-03
2.247858764578010149e-01 -1.609090909090909183e-01 -3.636363636363636360e-03
2.247858764578010149e-01 -1.609090909090909183e-01 -3.636363636363636360e-03
2.247858764578010149e-01 -1.609090909090909183e-01 -3.636363636363636360e-03
2.247858764578010149e-01 -1.609090909090909183e-01 -3.636363636363636360e-03
2.247858764578010149e-01 -1.609090909090909183e-01 -3.636363636363636360e-03
2.247858764578010149e-01 -1.609090909090909183e-01 -3.636363636363636360e-03
2.247858764578010149e-01 -1.609090909090909183e-01 -3.636363636363636360e-03
2.247858764578010149e-01 -1.609090909090909183e-01 -3.636363636363636360e-03
2.247858764578010149e-01 -1.609090909090909183e-01 -3.636363636363636360e-03
2.251699931962480028e-01 -1.636363636363636354e-01 -1.090909090909090995e-02
2.251699931962480028e-01 -1.636363636363636354e-01 -1.090909090909090995e-02
2.245849814179882997e-01 -1.636363636363636354e-01 -1.454545454545454544e-02
2.245849814179882997e-01 -1.636363636363636354e-01 -1.454545454545454544e-02
2.243539728906848718e-01 -1.636363636363636354e-01 -1.818181818181818094e-02
2.243539728906848718e-01 -1.636363636363636354e-01 -1.818181818181818094e-02
2.243539728906848718e-01 -1.636363636363636354e-01 -1.818181818181818094e-02
2.243539728906848718e-01 -1.636363636363636354e-01 -1.818181818181818094e-02
2.243539728906848718e-01 -1.636363636363636354e-01 -1.818181818181818094e-02
2.243539728906848718e-01 -1.636363636363636354e-01 -1.818181818181818094e-02
2.243539728906848718e-01 -1.636363636363636354e-01 -1.818181818181818094e-02
2.243539728906848718e-01 -1.636363636363636354e-01 -1.818181818181818094e-02
2.243539728906848718e-01 -1.636363636363636354e-01 -1.818181818181818094e-02
2.243539728906848718e-01 -1.636363636363636354e-01 -1.818181818181818094e-02
2.243539728906848718e-01 -1.636363636363636354e-01 -1.818181818181818094e-02
2.243539728906848718e-01 -1.636363636363636354e-01 -1.818181818181818094e-02
2.243539728906848718e-01 -1.636363636363636354e-01 -1.818181818181818094e-02
2.243539728906848718e-01 -1.636363636363636354e-01 -1.818181818181818094e-02
2.243496323531552761e-01 -1.636363636363636354e-01 -1.818181818181818094e-02
2.243496323531552761e-01 -1.636363636363636354e-01 -1.818181818181818094e-02
2.243496323531552761e-01 -1.636363636363636354e-01 -1.818181818181818094e-02
2.243496323531552761e-01 -1.636363636363636354e-01 -1.818181818181818094e-02
2.243496323531552761e-01 -1.636363636363636354e-01 -1.818181818181818094e-02
2.243496323531552761e-01 -1.636363636363636354e-01 -1.818181818181818094e-02
2.242326009452390578e-01 -1.663636363636363524e-01 -1.090909090909090995e-02
2.242326009452390578e-01 -1.663636363636363524e-01 -1.090909090909090995e-02
2.235962521986759877e-01 -1.663636363636363524e-01 -1.272727272727272770e-02
2.235962521986759877e-01 -1.663636363636363524e-01 -1.272727272727272770e-02
2.235962521986759877e-01 -1.663636363636363524e-01 -1.272727272727272770e-02
2.235962521986759877e-01 -1.663636363636363524e-01 -1.272727272727272770e-02
2.235962521986759877e-01 -1.663636363636363524e-01 -1.272727272727272770e-02
2.235962521986759877e-01 -1.663636363636363524e-01 -1.272727272727272770e-02
2.235962521986759877e-01 -1.663636363636363524e-01 -1.272727272727272770e-02
2.235962521986759877e-01 -1.663636363636363524e-01 -1.272727272727272770e-02
2.235962521986759877e-01 -1.663636363636363524e-01 -1.272727272727272770e-02
2.235962521986759877e-01 -1.663636363636363524e-01 -1.272727272727272770e-02
2.235962521986759877e-01 -1.663636363636363524e-01 -1.272727272727272770e-02
2.446107608640383235e-01 -1.772727272727272763e-01 -3.090909090909091037e-02
2.446107608640383235e-01 -1.772727272727272763e-01 -3.090909090909091037e-02
2.446107608640383235e-01 -1.772727272727272763e-01 -3.090909090909091037e-02
2.446107608640383235e-01 -1.772727272727272763e-01 -3.090909090909091037e-02
2.446107608640383235e-01 -1.772727272727272763e-01 -3.090909090909091037e-02
2.446107608640383235e-01 -1.772727272727272763e-01 -3.090909090909091037e-02
2.446107608640383235e-01 -1.772727272727272763e-01 -3.090909090909091037e-02
2.446107608640383235e-01 -1.772727272727272763e-01 -3.090909090909091037e-02
2.446107608640383235e-01 -1.772727272727272763e-01 -3.090909090909091037e-02
2.446107608640383235e-01 -1.772727272727272763e-01 -3.090909090909091037e-02
2.446107608640383235e-01 -1.772727272727272763e-01 -3.090909090909091037e-02
2.446107608640383235e-01 -1.772727272727272763e-01 -3.090909090909091037e-02
2.446107608640383235e-01 -1.772727272727272763e-01 -3.090909090909091037e-02
2.446107608640383235e-01 -1.772727272727272763e-01 -3.090909090909091037e-02
2.446107608640383235e-01 -1.772727272727272763e-01 -3.090909090909091037e-02
2.446107608640383235e-01 -1.772727272727272763e-01 -3.090909090909091037e-02
2.446107608640383235e-01 -1.772727272727272763e-01 -3.090909090909091037e-02
2.446107608640383235e-01 -1.772727272727272763e-01 -3.090909090909091037e-02
2.446107608640383235e-01 -1.772727272727272763e-01 -3.090909090909091037e-02
2.446107608640383235e-01 -1.772727272727272763e-01 -3.090909090909091037e-02
2.446107608640383235e-01 -1.772727272727272763e-01 -3.090909090909091037e-02
2.446107608640383235e-01 -1.772727272727272763e-01 -3.090909090909091037e-02
2.446107608640383235e-01 -1.772727272727272763e-01 -3.090909090909091037e-02
2.446107608640383235e-01 -1.772727272727272763e-01 -3.090909090909091037e-02
2.157873217914214881e-01 -1.799999999999999933e-01 -3.636363636363636360e-03
2.157873217914214881e-01 -1.799999999999999933e-01 -3.636363636363636360e-03
2.157873217914214881e-01 -1.799999999999999933e-01 -3.636363636363636360e-03
2.157873217914214881e-01 -1.799999999999999933e-01 -3.636363636363636360e-03
2.460038238506709884e-01 -1.799999999999999933e-01 -2.909090909090909088e-02
2.460038238506709884e-01 -1.799999999999999933e-01 -2.909090909090909088e-02
2.155894159397361010e-01 -1.827272727272727382e-01 -3.636363636363636360e-03
2.155894159397361010e-01 -1.827272727272727382e-01 -3.636363636363636360e-03
2.155894159397361010e-01 -1.827272727272727382e-01 -3.636363636363636360e-03
2.155894159397361010e-01 -1.827272727272727382e-01 -3.636363636363636360e-03
2.155894159397361010e-01 -1.827272727272727382e-01 -3.636363636363636360e-03
2.155894159397361010e-01 -1.827272727272727382e-01 -3.636363636363636360e-03
2.155894159397361010e-01 -1.827272727272727382e-01 -3.636363636363636360e-03
2.155894159397361010e-01 -1.827272727272727382e-01 -3.636363636363636360e-03
2.155894159397361010e-01 -1.827272727272727382e-01 -3.636363636363636360e-03
2.155894159397361010e-01 -1.827272727272727382e-01 -3.636363636363636360e-03
2.155894159397361010e-01 -1.827272727272727382e-01 -3.636363636363636360e-03
2.155894159397361010e-01 -1.827272727272727382e-01 -3.636363636363636360e-03
2.155894159397361010e-01 -1.827272727272727382e-01 -3.636363636363636360e-03
2.155894159397361010e-01 -1.827272727272727382e-01 -3.636363636363636360e-03
2.155894159397361010e-01 -1.827272727272727382e-01 -3.636363636363636360e-03
2.155894159397361010e-01 -1.827272727272727382e-01 -3.636363636363636360e-03
2.158098037585901297e-01 -1.854545454545454553e-01 -1.818181818181818180e-03
2.157954478489893524e-01 -1.854545454545454553e-01 -1.818181818181818180e-03
2.157954478489893524e-01 -1.854545454545454553e-01 -1.818181818181818180e-03
2.157954478489893524e-01 -1.854545454545454553e-01 -1.818181818181818180e-03
2.157954478489893524e-01 -1.854545454545454553e-01 -1.818181818181818180e-03
2.232787042165918501e-01 -1.881818181818181723e-01 -1.090909090909090995e-02
2.232787042165918501e-01 -1.881818181818181723e-01 -1.090909090909090995e-02
2.232787042165918501e-01 -1.881818181818181723e-01 -1.090909090909090995e-02
2.232787042165918501e-01 -1.881818181818181723e-01 -1.090909090909090995e-02
2.232787042165918501e-01 -1.881818181818181723e-01 -1.090909090909090995e-02
2.232787042165918501e-01 -1.881818181818181723e-01 -1.090909090909090995e-02
2.232787042165918501e-01 -1.881818181818181723e-01 -1.090909090909090995e-02
2.232787042165918501e-01 -1.881818181818181723e-01 -1.090909090909090995e-02
2.232787042165918501e-01 -1.881818181818181723e-01 -1.090909090909090995e-02
2.232787042165918501e-01 -1.881818181818181723e-01 -1.090909090909090995e-02
2.447079645813353410e-01 -1.909090909090909172e-01 -2.545454545454545539e-02
2.447079645813353410e-01 -1.909090909090909172e-01 -2.545454545454545539e-02
2.447079645813353410e-01 -1.909090909090909172e-01 -2.545454545454545539e-02
2.447079645813353410e-01 -1.909090909090909172e-01 -2.545454545454545539e-02
2.447079645813353410e-01 -1.909090909090909172e-01 -2.545454545454545539e-02
2.447079645813353410e-01 -1.909090909090909172e-01 -2.545454545454545539e-02
2.282969118802309627e-01 -1.909090909090909172e-01 -1.454545454545454544e-02
2.282969118802309627e-01 -1.909090909090909172e-01 -1.454545454545454544e-02
2.282969118802309627e-01 -1.909090909090909172e-01 -1.454545454545454544e-02
2.282969118802309627e-01 -1.909090909090909172e-01 -1.454545454545454544e-02
2.282969118802309627e-01 -1.909090909090909172e-01 -1.454545454545454544e-02
2.282969118802309627e-01 -1.909090909090909172e-01 -1.454545454545454544e-02
2.282969118802309627e-01 -1.909090909090909172e-01 -1.454545454545454544e-02
2.282969118802309627e-01 -1.909090909090909172e-01 -1.454545454545454544e-02
2.282969118802309627e-01 -1.909090909090909172e-01 -1.454545454545454544e-02
2.282969118802309627e-01 -1.909090909090909172e-01 -1.454545454545454544e-02
2.282969118802309627e-01 -1.909090909090909172e-01 -1.454545454545454544e-02
2.182210356748507663e-01 -1.909090909090909172e-01 -3.454545454545454586e-02
2.322853290165242668e-01 -1.936363636363636342e-01 -4.363636363636363980e-02
2.142972306156042395e-01 -1.963636363636363513e-01 -2.000000000000000042e-02
2.142972306156042395e-01 -1.963636363636363513e-01 -2.000000000000000042e-02
2.142972306156042395e-01 -1.963636363636363513e-01 -2.000000000000000042e-02
2.142972306156042395e-01 -1.963636363636363513e-01 -2.000000000000000042e-02
2.403760977304486846e-01 -2.018181818181818132e-01 -4.363636363636363980e-02
2.403760977304486846e-01 -2.018181818181818132e-01 -4.363636363636363980e-02
2.403760977304486846e-01 -2.018181818181818132e-01 -4.363636363636363980e-02
2.403760977304486846e-01 -2.018181818181818132e-01 -4.363636363636363980e-02
2.403760977304486846e-01 -2.018181818181818132e-01 -4.363636363636363980e-02
2.403760977304486846e-01 -2.018181818181818132e-01 -4.363636363636363980e-02
2.403760977304486846e-01 -2.018181818181818132e-01 -4.363636363636363980e-02
2.403760977304486846e-01 -2.018181818181818132e-01 -4.363636363636363980e-02
2.403760977304486846e-01 -2.018181818181818132e-01 -4.363636363636363980e-02
2.403760977304486846e-01 -2.018181818181818132e-01 -4.363636363636363980e-02
2.403760977304486846e-01 -2.018181818181818132e-01 -4.363636363636363980e-02
2.403760977304486846e-01 -2.018181818181818132e-01 -4.363636363636363980e-02
2.403760977304486846e-01 -2.018181818181818132e-01 -4.363636363636363980e-02
2.403760977304486846e-01 -2.018181818181818132e-01 -4.363636363636363980e-02
2.403760977304486846e-01 -2.018181818181818132e-01 -4.363636363636363980e-02
2.403760977304486846e-01 -2.018181818181818132e-01 -4.363636363636363980e-02
2.403760977304486846e-01 -2.018181818181818132e-01 -4.363636363636363980e-02
2.403760977304486846e-01 -2.018181818181818132e-01 -4.363636363636363980e-02
2.403760977304486846e-01 -2.018181818181818132e-01 -4.363636363636363980e-02
2.403760977304486846e-01 -2.018181818181818132e-01 -4.363636363636363980e-02
2.403760977304486846e-01 -2.018181818181818132e-01 -4.363636363636363980e-02
2.403760977304486846e-01 -2.018181818181818132e-01 -4.363636363636363980e-02
2.403760977304486846e-01 -2.018181818181818132e-01 -4.363636363636363980e-02
2.403760977304486846e-01 -2.018181818181818132e-01 -4.363636363636363980e-02
2.403760977304486846e-01 -2.018181818181818132e-01 -4.363636363636363980e-02
2.403760977304486846e-01 -2.018181818181818132e-01 -4.363636363636363980e-02
2.403760977304486846e-01 -2.018181818181818132e-01 -4.363636363636363980e-02
2.403760977304486846e-01 -2.018181818181818132e-01 -4.363636363636363980e-02
