3.549705621952162216e-01 -3.818181818181818482e-02
3.549705621952162216e-01 -3.818181818181818482e-02
3.006744196068056318e-01 -3.818181818181818482e-02
3.006744196068056318e-01 -3.818181818181818482e-02
3.006744196068056318e-01 -3.818181818181818482e-02
2.828425096718837906e-01 -4.090909090909090884e-02
2.828425096718837906e-01 -4.090909090909090884e-02
2.815734233716905566e-01 -4.090909090909090884e-02
4.336729790658770956e-01 -4.363636363636363980e-02
5.261138023060825120e-01 -5.727272727272727376e-02
3.581587742524268703e-01 -7.909090909090908672e-02
3.581587742524268703e-01 -7.909090909090908672e-02
3.581587742524268703e-01 -7.909090909090908672e-02
5.020924194021599840e-01 -8.181818181818181768e-02
5.020924194021599840e-01 -8.181818181818181768e-02
5.020924194021599840e-01 -8.181818181818181768e-02
5.020924194021599840e-01 -8.181818181818181768e-02
4.882940292848710340e-01 -8.999999999999999667e-02
3.631900358435093401e-01 -9.545454545454545858e-02
2.791613623208911710e-01 -1.172727272727272785e-01
2.791613623208911710e-01 -1.172727272727272785e-01
3.995831324274358165e-01 -1.199999999999999956e-01
6.328560058222383322e-01 -1.254545454545454575e-01
6.328560058222383322e-01 -1.254545454545454575e-01
2.895610983602496247e-01 -1.254545454545454575e-01
2.906729442875542468e-01 -1.309090909090909194e-01
2.839127209857117418e-01 -1.309090909090909194e-01
3.385821663015733951e-01 -1.363636363636363535e-01
3.385821663015733951e-01 -1.363636363636363535e-01
3.385821663015733951e-01 -1.363636363636363535e-01
4.276046933185631560e-01 -1.472727272727272774e-01
4.276046933185631560e-01 -1.472727272727272774e-01
4.276046933185631560e-01 -1.472727272727272774e-01
4.276046933185631560e-01 -1.472727272727272774e-01
4.276046933185631560e-01 -1.472727272727272774e-01
4.276046933185631560e-01 -1.472727272727272774e-01
4.276046933185631560e-01 -1.472727272727272774e-01
4.276046933185631560e-01 -1.472727272727272774e-01
4.276046933185631560e-01 -1.472727272727272774e-01
4.276046933185631560e-01 -1.472727272727272774e-01
4.276046933185631560e-01 -1.472727272727272774e-01
4.276046933185631560e-01 -1.472727272727272774e-01
3.326838414008411737e-01 -1.581818181818181734e-01
3.326838414008411737e-01 -1.581818181818181734e-01
3.326838414008411737e-01 -1.581818181818181734e-01
3.326838414008411737e-01 -1.581818181818181734e-01
3.326838414008411737e-01 -1.581818181818181734e-01
3.326838414008411737e-01 -1.581818181818181734e-01
3.326838414008411737e-01 -1.581818181818181734e-01
3.326838414008411737e-01 -1.581818181818181734e-01
