4.414917655497423432e-01 -4.636363636363636381e-02 -5.454545454545454974e-03
4.414917655497423432e-01 -4.636363636363636381e-02 -5.454545454545454974e-03
4.414917655497423432e-01 -4.636363636363636381e-02 -5.454545454545454974e-03
4.414917655497423432e-01 -4.636363636363636381e-02 -5.454545454545454974e-03
3.532682349302154745e-01 -4.636363636363636381e-02 -5.454545454545454974e-03
4.499249271447157694e-01 -5.454545454545454281e-02 -1.272727272727272770e-02
4.499249271447157694e-01 -5.454545454545454281e-02 -1.272727272727272770e-02
4.156801598127008446e-01 -5.727272727272727376e-02 -1.818181818181818180e-03
4.620218848707595694e-01 -6.545454545454545969e-02 0.000000000000000000e+00
3.736847252414619014e-01 -7.363636363636363869e-02 0.000000000000000000e+00
3.736847252414619014e-01 -7.363636363636363869e-02 0.000000000000000000e+00
3.908050078160165142e-01 -9.545454545454545858e-02 -1.818181818181818180e-03
3.186218212414077544e-01 -9.818181818181817566e-02 -2.181818181818181990e-02
3.446752691394893708e-01 -1.036363636363636376e-01 -1.818181818181818180e-03
4.503678179510993695e-01 -1.145454545454545475e-01 -1.272727272727272770e-02
2.497639679389295486e-01 -1.363636363636363535e-01 -1.818181818181818094e-02
2.497639679389295486e-01 -1.363636363636363535e-01 -1.818181818181818094e-02
3.425378269601968007e-01 -1.527272727272727393e-01 -1.090909090909090995e-02
3.425378269601968007e-01 -1.527272727272727393e-01 -1.090909090909090995e-02
2.588970109465626446e-01 -1.609090909090909183e-01 -5.454545454545454974e-03
2.588970109465626446e-01 -1.609090909090909183e-01 -5.454545454545454974e-03
2.588970109465626446e-01 -1.609090909090909183e-01 -5.454545454545454974e-03
2.588970109465626446e-01 -1.609090909090909183e-01 -5.454545454545454974e-03
2.588970109465626446e-01 -1.609090909090909183e-01 -5.454545454545454974e-03
2.588970109465626446e-01 -1.609090909090909183e-01 -5.454545454545454974e-03
2.588970109465626446e-01 -1.609090909090909183e-01 -5.454545454545454974e-03
2.588970109465626446e-01 -1.609090909090909183e-01 -5.454545454545454974e-03
3.703887175856718783e-01 -1.636363636363636354e-01 -1.636363636363636492e-02
3.703887175856718783e-01 -1.636363636363636354e-01 -1.636363636363636492e-02
3.703887175856718783e-01 -1.636363636363636354e-01 -1.636363636363636492e-02
2.779411257629333387e-01 -1.690909090909090973e-01 -1.636363636363636492e-02
2.779411257629333387e-01 -1.690909090909090973e-01 -1.636363636363636492e-02
2.779411257629333387e-01 -1.690909090909090973e-01 -1.636363636363636492e-02
2.779411257629333387e-01 -1.690909090909090973e-01 -1.636363636363636492e-02
2.779411257629333387e-01 -1.690909090909090973e-01 -1.636363636363636492e-02
3.426915166857478767e-01 -1.718181818181818143e-01 -1.454545454545454544e-02
3.426915166857478767e-01 -1.718181818181818143e-01 -1.454545454545454544e-02
3.426561337486070946e-01 -1.772727272727272763e-01 -1.454545454545454544e-02
3.426561337486070946e-01 -1.772727272727272763e-01 -1.454545454545454544e-02
3.426561337486070946e-01 -1.772727272727272763e-01 -1.454545454545454544e-02
3.426561337486070946e-01 -1.772727272727272763e-01 -1.454545454545454544e-02
3.293153448492268098e-01 -1.772727272727272763e-01 -1.636363636363636492e-02
3.293153448492268098e-01 -1.772727272727272763e-01 -1.636363636363636492e-02
3.293153448492268098e-01 -1.772727272727272763e-01 -1.636363636363636492e-02
3.293153448492268098e-01 -1.772727272727272763e-01 -1.636363636363636492e-02
3.293153448492268098e-01 -1.772727272727272763e-01 -1.636363636363636492e-02
3.293153448492268098e-01 -1.772727272727272763e-01 -1.636363636363636492e-02
3.318699790179820974e-01 -1.799999999999999933e-01 -2.909090909090909088e-02
3.318699790179820974e-01 -1.799999999999999933e-01 -2.909090909090909088e-02
3.318699790179820974e-01 -1.799999999999999933e-01 -2.909090909090909088e-02
3.318699790179820974e-01 -1.799999999999999933e-01 -2.909090909090909088e-02
3.318699790179820974e-01 -1.799999999999999933e-01 -2.909090909090909088e-02
3.318699790179820974e-01 -1.799999999999999933e-01 -2.909090909090909088e-02
2.991502833514803061e-01 -1.799999999999999933e-01 -3.090909090909091037e-02
2.991502833514803061e-01 -1.799999999999999933e-01 -3.090909090909091037e-02
2.991502833514803061e-01 -1.799999999999999933e-01 -3.090909090909091037e-02
2.991502833514803061e-01 -1.799999999999999933e-01 -3.090909090909091037e-02
2.991502833514803061e-01 -1.799999999999999933e-01 -3.090909090909091037e-02
2.991502833514803061e-01 -1.799999999999999933e-01 -3.090909090909091037e-02
2.991502833514803061e-01 -1.799999999999999933e-01 -3.090909090909091037e-02
2.991502833514803061e-01 -1.799999999999999933e-01 -3.090909090909091037e-02
2.991502833514803061e-01 -1.799999999999999933e-01 -3.090909090909091037e-02
3.088643808305188698e-01 -1.854545454545454553e-01 -5.454545454545454974e-03
3.088643808305188698e-01 -1.854545454545454553e-01 -5.454545454545454974e-03
3.088643808305188698e-01 -1.854545454545454553e-01 -5.454545454545454974e-03
3.088643808305188698e-01 -1.854545454545454553e-01 -5.454545454545454974e-03
3.085456584462182850e-01 -1.909090909090909172e-01 -3.636363636363636360e-03
3.085456584462182850e-01 -1.909090909090909172e-01 -3.636363636363636360e-03
3.085456584462182850e-01 -1.909090909090909172e-01 -3.636363636363636360e-03
3.085456584462182850e-01 -1.909090909090909172e-01 -3.636363636363636360e-03
3.085456584462182850e-01 -1.909090909090909172e-01 -3.636363636363636360e-03
3.085456584462182850e-01 -1.909090909090909172e-01 -3.636363636363636360e-03
3.085456584462182850e-01 -1.909090909090909172e-01 -3.636363636363636360e-03
3.085456584462182850e-01 -1.909090909090909172e-01 -3.636363636363636360e-03
3.085456584462182850e-01 -1.909090909090909172e-01 -3.636363636363636360e-03
3.085456584462182850e-01 -1.909090909090909172e-01 -3.636363636363636360e-03
3.085456584462182850e-01 -1.909090909090909172e-01 -3.636363636363636360e-03
3.085456584462182850e-01 -1.909090909090909172e-01 -3.636363636363636360e-03
3.085456584462182850e-01 -1.909090909090909172e-01 -3.636363636363636360e-03
3.085456584462182850e-01 -1.909090909090909172e-01 -3.636363636363636360e-03
3.085456584462182850e-01 -1.909090909090909172e-01 -3.636363636363636360e-03
3.085456584462182850e-01 -1.909090909090909172e-01 -3.636363636363636360e-03
3.085456584462182850e-01 -1.909090909090909172e-01 -3.636363636363636360e-03
3.085456584462182850e-01 -1.909090909090909172e-01 -3.636363636363636360e-03
3.085456584462182850e-01 -1.909090909090909172e-01 -3.636363636363636360e-03
3.085456584462182850e-01 -1.909090909090909172e-01 -3.636363636363636360e-03
3.085456584462182850e-01 -1.909090909090909172e-01 -3.636363636363636360e-03
3.085456584462182850e-01 -1.909090909090909172e-01 -3.636363636363636360e-03
3.085456584462182850e-01 -1.909090909090909172e-01 -3.636363636363636360e-03
3.085456584462182850e-01 -1.909090909090909172e-01 -3.636363636363636360e-03
3.085456584462182850e-01 -1.909090909090909172e-01 -3.636363636363636360e-03
3.085456584462182850e-01 -1.909090909090909172e-01 -3.636363636363636360e-03
3.085456584462182850e-01 -1.909090909090909172e-01 -3.636363636363636360e-03
3.085456584462182850e-01 -1.909090909090909172e-01 -3.636363636363636360e-03
3.595601012955468301e-01 -1.990909090909090962e-01 -5.454545454545454974e-03
3.595601012955468301e-01 -1.990909090909090962e-01 -5.454545454545454974e-03
3.595601005842906650e-01 -1.990909090909090962e-01 -5.454545454545454974e-03
3.595601005842906650e-01 -1.990909090909090962e-01 -5.454545454545454974e-03
3.595601005842906650e-01 -1.990909090909090962e-01 -5.454545454545454974e-03
3.595601005842906650e-01 -1.990909090909090962e-01 -5.454545454545454974e-03
3.595601005842906650e-01 -1.990909090909090962e-01 -5.454545454545454974e-03
3.595601005842906650e-01 -1.990909090909090962e-01 -5.454545454545454974e-03
3.595601005842906650e-01 -1.990909090909090962e-01 -5.454545454545454974e-03
3.595601005842906650e-01 -1.990909090909090962e-01 -5.454545454545454974e-03
3.595601005842906650e-01 -1.990909090909090962e-01 -5.454545454545454974e-03
3.595601005842906650e-01 -1.990909090909090962e-01 -5.454545454545454974e-03
3.595601005842906650e-01 -1.990909090909090962e-01 -5.454545454545454974e-03
3.595601005842906650e-01 -1.990909090909090962e-01 -5.454545454545454974e-03
3.595601005842906650e-01 -1.990909090909090962e-01 -5.454545454545454974e-03
3.595601005842906650e-01 -1.990909090909090962e-01 -5.454545454545454974e-03
3.595601005842906650e-01 -1.990909090909090962e-01 -5.454545454545454974e-03
3.595601005842906650e-01 -1.990909090909090962e-01 -5.454545454545454974e-03
3.595601005842906650e-01 -1.990909090909090962e-01 -5.454545454545454974e-03
3.595601005842906650e-01 -1.990909090909090962e-01 -5.454545454545454974e-03
3.595601005842906650e-01 -1.990909090909090962e-01 -5.454545454545454974e-03
3.595601005842906650e-01 -1.990909090909090962e-01 -5.454545454545454974e-03
3.595601005842906650e-01 -1.990909090909090962e-01 -5.454545454545454974e-03
3.595601005842906650e-01 -1.990909090909090962e-01 -5.454545454545454974e-03
3.595601005842906650e-01 -1.990909090909090962e-01 -5.454545454545454974e-03
3.595601005842906650e-01 -1.990909090909090962e-01 -5.454545454545454974e-03
3.595601005842906650e-01 -1.990909090909090962e-01 -5.454545454545454974e-03
3.595601005842906650e-01 -1.990909090909090962e-01 -5.454545454545454974e-03
3.595601005842906650e-01 -1.990909090909090962e-01 -5.454545454545454974e-03
3.595601005842906650e-01 -1.990909090909090962e-01 -5.454545454545454974e-03
3.595601005842906650e-01 -1.990909090909090962e-01 -5.454545454545454974e-03
3.595601005842906650e-01 -1.990909090909090962e-01 -5.454545454545454974e-03
3.595601005842906650e-01 -1.990909090909090962e-01 -5.454545454545454974e-03
3.595601005842906650e-01 -1.990909090909090962e-01 -5.454545454545454974e-03
3.595601005842906650e-01 -1.990909090909090962e-01 -5.454545454545454974e-03
3.595601005842906650e-01 -1.990909090909090962e-01 -5.454545454545454974e-03
3.595601005842906650e-01 -1.990909090909090962e-01 -5.454545454545454974e-03
3.595601005842906650e-01 -1.990909090909090962e-01 -5.454545454545454974e-03
3.595601005842906650e-01 -1.990909090909090962e-01 -5.454545454545454974e-03
3.595601005842906650e-01 -1.990909090909090962e-01 -5.454545454545454974e-03
3.595601005842906650e-01 -1.990909090909090962e-01 -5.454545454545454974e-03
3.595601005842906650e-01 -1.990909090909090962e-01 -5.454545454545454974e-03
3.595601005842906650e-01 -1.990909090909090962e-01 -5.454545454545454974e-03
3.595601005842906650e-01 -1.990909090909090962e-01 -5.454545454545454974e-03
3.595165202139928295e-01 -1.990909090909090962e-01 -5.454545454545454974e-03
3.595165202139928295e-01 -1.990909090909090962e-01 -5.454545454545454974e-03
3.595165202139928295e-01 -1.990909090909090962e-01 -5.454545454545454974e-03
3.595165202139928295e-01 -1.990909090909090962e-01 -5.454545454545454974e-03
3.595165202139928295e-01 -1.990909090909090962e-01 -5.454545454545454974e-03
3.595165202139928295e-01 -1.990909090909090962e-01 -5.454545454545454974e-03
3.595165202139928295e-01 -1.990909090909090962e-01 -5.454545454545454974e-03
3.595165202139928295e-01 -1.990909090909090962e-01 -5.454545454545454974e-03
3.595165202139928295e-01 -1.990909090909090962e-01 -5.454545454545454974e-03
3.595165202139928295e-01 -1.990909090909090962e-01 -5.454545454545454974e-03
3.595165202139928295e-01 -1.990909090909090962e-01 -5.454545454545454974e-03
3.595165202139928295e-01 -1.990909090909090962e-01 -5.454545454545454974e-03
3.595165202139928295e-01 -1.990909090909090962e-01 -5.454545454545454974e-03
3.595598822122909044e-01 -2.045454545454545581e-01 -3.636363636363636360e-03
3.595598822122909044e-01 -2.045454545454545581e-01 -3.636363636363636360e-03
3.595598822122909044e-01 -2.045454545454545581e-01 -3.636363636363636360e-03
3.595598822122909044e-01 -2.045454545454545581e-01 -3.636363636363636360e-03
3.595598822122909044e-01 -2.045454545454545581e-01 -3.636363636363636360e-03
3.595598822122909044e-01 -2.045454545454545581e-01 -3.636363636363636360e-03
3.595598822122909044e-01 -2.045454545454545581e-01 -3.636363636363636360e-03
3.595598822122909044e-01 -2.045454545454545581e-01 -3.636363636363636360e-03
3.595598822122909044e-01 -2.045454545454545581e-01 -3.636363636363636360e-03
3.595598822122909044e-01 -2.045454545454545581e-01 -3.636363636363636360e-03
3.595598822122909044e-01 -2.045454545454545581e-01 -3.636363636363636360e-03
3.595598822122909044e-01 -2.045454545454545581e-01 -3.636363636363636360e-03
3.595598822122909044e-01 -2.045454545454545581e-01 -3.636363636363636360e-03
3.595598822122909044e-01 -2.045454545454545581e-01 -3.636363636363636360e-03
3.595598822122909044e-01 -2.045454545454545581e-01 -3.636363636363636360e-03
3.595598822122909044e-01 -2.045454545454545581e-01 -3.636363636363636360e-03
3.595598822122909044e-01 -2.045454545454545581e-01 -3.636363636363636360e-03
3.595598822122909044e-01 -2.045454545454545581e-01 -3.636363636363636360e-03
3.595598822122909044e-01 -2.045454545454545581e-01 -3.636363636363636360e-03
3.595598822122909044e-01 -2.045454545454545581e-01 -3.636363636363636360e-03
3.595598822122909044e-01 -2.045454545454545581e-01 -3.636363636363636360e-03
3.595598822122909044e-01 -2.045454545454545581e-01 -3.636363636363636360e-03
3.595598822122909044e-01 -2.045454545454545581e-01 -3.636363636363636360e-03
3.595598822122909044e-01 -2.045454545454545581e-01 -3.636363636363636360e-03
3.595598822122909044e-01 -2.045454545454545581e-01 -3.636363636363636360e-03
3.595598822122909044e-01 -2.045454545454545581e-01 -3.636363636363636360e-03
3.595598822122909044e-01 -2.045454545454545581e-01 -3.636363636363636360e-03
3.595598822122909044e-01 -2.045454545454545581e-01 -3.636363636363636360e-03
3.595598822122909044e-01 -2.045454545454545581e-01 -3.636363636363636360e-03
3.595598822122909044e-01 -2.045454545454545581e-01 -3.636363636363636360e-03
3.595598822122909044e-01 -2.045454545454545581e-01 -3.636363636363636360e-03
3.595163018419930689e-01 -2.045454545454545581e-01 -3.636363636363636360e-03
3.595163018419930689e-01 -2.045454545454545581e-01 -3.636363636363636360e-03
3.595163018419930689e-01 -2.045454545454545581e-01 -3.636363636363636360e-03
3.595163018419930689e-01 -2.045454545454545581e-01 -3.636363636363636360e-03
3.595163018419930689e-01 -2.045454545454545581e-01 -3.636363636363636360e-03
3.595163018419930689e-01 -2.045454545454545581e-01 -3.636363636363636360e-03
3.595163018419930689e-01 -2.045454545454545581e-01 -3.636363636363636360e-03
3.595163018419930689e-01 -2.045454545454545581e-01 -3.636363636363636360e-03
3.595163018419930689e-01 -2.045454545454545581e-01 -3.636363636363636360e-03
3.595163018419930689e-01 -2.045454545454545581e-01 -3.636363636363636360e-03
3.595163018419930689e-01 -2.045454545454545581e-01 -3.636363636363636360e-03
3.595163018419930689e-01 -2.045454545454545581e-01 -3.636363636363636360e-03
3.595163018419930689e-01 -2.045454545454545581e-01 -3.636363636363636360e-03
3.595163018419930689e-01 -2.045454545454545581e-01 -3.636363636363636360e-03
3.595163018419930689e-01 -2.045454545454545581e-01 -3.636363636363636360e-03
3.595163018419930689e-01 -2.045454545454545581e-01 -3.636363636363636360e-03
3.595163018419930689e-01 -2.045454545454545581e-01 -3.636363636363636360e-03
3.595163018419930689e-01 -2.045454545454545581e-01 -3.636363636363636360e-03
