4.142700579938030092e-01 -5.727272727272727376e-02 -5.454545454545454974e-03
4.142700579938030092e-01 -5.727272727272727376e-02 -5.454545454545454974e-03
4.142700579938030092e-01 -5.727272727272727376e-02 -5.454545454545454974e-03
4.142700579938030092e-01 -5.727272727272727376e-02 -5.454545454545454974e-03
3.627992916015851388e-01 -6.272727272727272874e-02 -1.818181818181818180e-03
3.627992916015851388e-01 -6.272727272727272874e-02 -1.818181818181818180e-03
2.863812287209578367e-01 -6.818181818181817677e-02 -3.636363636363636360e-03
2.863812287209578367e-01 -6.818181818181817677e-02 -3.636363636363636360e-03
4.863405758060267980e-01 -8.727272727272727959e-02 -1.818181818181818180e-03
4.863405758060267980e-01 -8.727272727272727959e-02 -1.818181818181818180e-03
2.997565669209056871e-01 -1.063636363636363685e-01 -9.090909090909090468e-03
3.844197173283752100e-01 -1.118181818181818166e-01 -1.818181818181818180e-03
2.820401694198960696e-01 -1.145454545454545475e-01 -3.636363636363636360e-03
2.820401694198960696e-01 -1.145454545454545475e-01 -3.636363636363636360e-03
2.820401694198960696e-01 -1.145454545454545475e-01 -3.636363636363636360e-03
2.820401694198960696e-01 -1.145454545454545475e-01 -3.636363636363636360e-03
3.080206715352504232e-01 -1.199999999999999956e-01 -3.636363636363636360e-03
5.239387868469598253e-01 -1.281818181818181746e-01 -3.636363636363636360e-03
5.255788334125035544e-01 -1.363636363636363535e-01 -2.727272727272727140e-02
3.184543545641625450e-01 -1.363636363636363535e-01 -4.727272727272727182e-02
4.399602747768306954e-01 -1.609090909090909183e-01 -9.090909090909090468e-03
4.399602747768306954e-01 -1.609090909090909183e-01 -9.090909090909090468e-03
4.399602747768306954e-01 -1.609090909090909183e-01 -9.090909090909090468e-03
3.168401285847962656e-01 -1.636363636363636354e-01 -2.000000000000000042e-02
2.780306932878108817e-01 -1.827272727272727382e-01 -1.090909090909090995e-02
2.780306932878108817e-01 -1.827272727272727382e-01 -1.090909090909090995e-02
2.780306932878108817e-01 -1.827272727272727382e-01 -1.090909090909090995e-02
2.780306932878108817e-01 -1.827272727272727382e-01 -1.090909090909090995e-02
2.780306932878108817e-01 -1.827272727272727382e-01 -1.090909090909090995e-02
3.057065087900969202e-01 -1.854545454545454553e-01 -1.272727272727272770e-02
3.077676783149714823e-01 -1.936363636363636342e-01 -9.090909090909090468e-03
3.077676783149714823e-01 -1.936363636363636342e-01 -9.090909090909090468e-03
3.077676783149714823e-01 -1.936363636363636342e-01 -9.090909090909090468e-03
3.077676783149714823e-01 -1.936363636363636342e-01 -9.090909090909090468e-03
2.789989308642058519e-01 -1.936363636363636342e-01 -1.636363636363636492e-02
2.789989308642058519e-01 -1.936363636363636342e-01 -1.636363636363636492e-02
2.774318809883138948e-01 -2.018181818181818132e-01 -7.272727272727272721e-03
2.776006634645951099e-01 -2.045454545454545581e-01 -1.090909090909090995e-02
2.776006634645951099e-01 -2.045454545454545581e-01 -1.090909090909090995e-02
2.776006634645951099e-01 -2.045454545454545581e-01 -1.090909090909090995e-02
2.721160213582637377e-01 -2.209090909090909161e-01 -2.181818181818181990e-02
2.721160213582637377e-01 -2.209090909090909161e-01 -2.181818181818181990e-02
2.721160213582637377e-01 -2.209090909090909161e-01 -2.181818181818181990e-02
2.721160213582637377e-01 -2.209090909090909161e-01 -2.181818181818181990e-02
2.721160213582637377e-01 -2.209090909090909161e-01 -2.181818181818181990e-02
2.721160213582637377e-01 -2.209090909090909161e-01 -2.181818181818181990e-02
2.721160213582637377e-01 -2.209090909090909161e-01 -2.181818181818181990e-02
2.775821687092987489e-01 -2.263636363636363502e-01 -1.636363636363636492e-02
2.775821687092987489e-01 -2.263636363636363502e-01 -1.636363636363636492e-02
2.775821687092987489e-01 -2.263636363636363502e-01 -1.636363636363636492e-02
2.775821687092987489e-01 -2.263636363636363502e-01 -1.636363636363636492e-02
2.775821687092987489e-01 -2.263636363636363502e-01 -1.636363636363636492e-02
2.775821687092987489e-01 -2.263636363636363502e-01 -1.636363636363636492e-02
2.775821687092987489e-01 -2.263636363636363502e-01 -1.636363636363636492e-02
2.775821687092987489e-01 -2.263636363636363502e-01 -1.636363636363636492e-02
2.775821687092987489e-01 -2.263636363636363502e-01 -1.636363636363636492e-02
2.775821687092987489e-01 -2.263636363636363502e-01 -1.636363636363636492e-02
2.775821687092987489e-01 -2.263636363636363502e-01 -1.636363636363636492e-02
2.775821687092987489e-01 -2.263636363636363502e-01 -1.636363636363636492e-02
2.775821687092987489e-01 -2.263636363636363502e-01 -1.636363636363636492e-02
2.775821687092987489e-01 -2.263636363636363502e-01 -1.636363636363636492e-02
2.775821687092987489e-01 -2.263636363636363502e-01 -1.636363636363636492e-02
2.775821687092987489e-01 -2.263636363636363502e-01 -1.636363636363636492e-02
2.775821687092987489e-01 -2.263636363636363502e-01 -1.636363636363636492e-02
2.775821687092987489e-01 -2.263636363636363502e-01 -1.636363636363636492e-02
2.775821687092987489e-01 -2.263636363636363502e-01 -1.636363636363636492e-02
2.775821687092987489e-01 -2.263636363636363502e-01 -1.636363636363636492e-02
2.775821687092987489e-01 -2.263636363636363502e-01 -1.636363636363636492e-02
2.775821687092987489e-01 -2.263636363636363502e-01 -1.636363636363636492e-02
2.775821687092987489e-01 -2.263636363636363502e-01 -1.636363636363636492e-02
2.775821687092987489e-01 -2.263636363636363502e-01 -1.636363636363636492e-02
2.775821687092987489e-01 -2.263636363636363502e-01 -1.636363636363636492e-02
2.775821687092987489e-01 -2.263636363636363502e-01 -1.636363636363636492e-02
2.775821687092987489e-01 -2.263636363636363502e-01 -1.636363636363636492e-02
2.775821687092987489e-01 -2.263636363636363502e-01 -1.636363636363636492e-02
2.775821687092987489e-01 -2.263636363636363502e-01 -1.636363636363636492e-02
2.775821687092987489e-01 -2.263636363636363502e-01 -1.636363636363636492e-02
2.840917513109226245e-01 -2.263636363636363502e-01 -2.000000000000000042e-02
2.775783761882854583e-01 -2.263636363636363502e-01 -1.636363636363636492e-02
2.775783761882854583e-01 -2.263636363636363502e-01 -1.636363636363636492e-02
2.775783761882854583e-01 -2.263636363636363502e-01 -1.636363636363636492e-02
2.775783761882854583e-01 -2.263636363636363502e-01 -1.636363636363636492e-02
2.775783761882854583e-01 -2.263636363636363502e-01 -1.636363636363636492e-02
2.775783761882854583e-01 -2.263636363636363502e-01 -1.636363636363636492e-02
2.775783761882854583e-01 -2.263636363636363502e-01 -1.636363636363636492e-02
2.775783761882854583e-01 -2.263636363636363502e-01 -1.636363636363636492e-02
2.775783761882854583e-01 -2.263636363636363502e-01 -1.636363636363636492e-02
2.775783761882854583e-01 -2.263636363636363502e-01 -1.636363636363636492e-02
2.775783761882854583e-01 -2.263636363636363502e-01 -1.636363636363636492e-02
2.775783761882854583e-01 -2.263636363636363502e-01 -1.636363636363636492e-02
2.775783761882854583e-01 -2.263636363636363502e-01 -1.636363636363636492e-02
2.775783761882854583e-01 -2.263636363636363502e-01 -1.636363636363636492e-02
2.775783761882854583e-01 -2.263636363636363502e-01 -1.636363636363636492e-02
2.775783761882854583e-01 -2.263636363636363502e-01 -1.636363636363636492e-02
2.775783761882854583e-01 -2.263636363636363502e-01 -1.636363636363636492e-02
2.775783761882854583e-01 -2.263636363636363502e-01 -1.636363636363636492e-02
2.775783761882854583e-01 -2.263636363636363502e-01 -1.636363636363636492e-02
2.775783761882854583e-01 -2.263636363636363502e-01 -1.636363636363636492e-02
2.775783761882854583e-01 -2.263636363636363502e-01 -1.636363636363636492e-02
2.775783761882854583e-01 -2.263636363636363502e-01 -1.636363636363636492e-02
2.775783761882854583e-01 -2.263636363636363502e-01 -1.636363636363636492e-02
2.775783761882854583e-01 -2.263636363636363502e-01 -1.636363636363636492e-02
2.773903781318473594e-01 -2.318181818181818121e-01 -1.272727272727272770e-02
2.773903781318473594e-01 -2.318181818181818121e-01 -1.272727272727272770e-02
2.773903781318473594e-01 -2.318181818181818121e-01 -1.272727272727272770e-02
2.773903781318473594e-01 -2.318181818181818121e-01 -1.272727272727272770e-02
2.773903781318473594e-01 -2.318181818181818121e-01 -1.272727272727272770e-02
2.773903781318473594e-01 -2.318181818181818121e-01 -1.272727272727272770e-02
2.773903781318473594e-01 -2.318181818181818121e-01 -1.272727272727272770e-02
2.773903781318473594e-01 -2.318181818181818121e-01 -1.272727272727272770e-02
2.772558719937079919e-01 -2.318181818181818121e-01 -1.636363636363636492e-02
2.772558719937079919e-01 -2.318181818181818121e-01 -1.636363636363636492e-02
2.772558719937079919e-01 -2.318181818181818121e-01 -1.636363636363636492e-02
2.772558719937079919e-01 -2.318181818181818121e-01 -1.636363636363636492e-02
2.772558719937079919e-01 -2.318181818181818121e-01 -1.636363636363636492e-02
2.772558719937079919e-01 -2.318181818181818121e-01 -1.636363636363636492e-02
2.772558719937079919e-01 -2.318181818181818121e-01 -1.636363636363636492e-02
2.772558719937079919e-01 -2.318181818181818121e-01 -1.636363636363636492e-02
2.772558719937079919e-01 -2.318181818181818121e-01 -1.636363636363636492e-02
2.772558719937079919e-01 -2.318181818181818121e-01 -1.636363636363636492e-02
2.772558719937079919e-01 -2.318181818181818121e-01 -1.636363636363636492e-02
2.772558719937079919e-01 -2.318181818181818121e-01 -1.636363636363636492e-02
2.772558719937079919e-01 -2.318181818181818121e-01 -1.636363636363636492e-02
2.772558719937079919e-01 -2.318181818181818121e-01 -1.636363636363636492e-02
2.772558719937079919e-01 -2.318181818181818121e-01 -1.636363636363636492e-02
2.772558719937079919e-01 -2.318181818181818121e-01 -1.636363636363636492e-02
2.772558719937079919e-01 -2.318181818181818121e-01 -1.636363636363636492e-02
2.772558719937079919e-01 -2.318181818181818121e-01 -1.636363636363636492e-02
2.772558719937079919e-01 -2.318181818181818121e-01 -1.636363636363636492e-02
2.772558719937079919e-01 -2.318181818181818121e-01 -1.636363636363636492e-02
2.772558719937079919e-01 -2.318181818181818121e-01 -1.636363636363636492e-02
2.772558719937079919e-01 -2.318181818181818121e-01 -1.636363636363636492e-02
2.772558719937079919e-01 -2.318181818181818121e-01 -1.636363636363636492e-02
2.772558719937079919e-01 -2.318181818181818121e-01 -1.636363636363636492e-02
2.772558719937079919e-01 -2.318181818181818121e-01 -1.636363636363636492e-02
2.772558719937079919e-01 -2.318181818181818121e-01 -1.636363636363636492e-02
2.772558719937079919e-01 -2.318181818181818121e-01 -1.636363636363636492e-02
2.772558719937079919e-01 -2.318181818181818121e-01 -1.636363636363636492e-02
2.772558719937079919e-01 -2.318181818181818121e-01 -1.636363636363636492e-02
2.772558719937079919e-01 -2.318181818181818121e-01 -1.636363636363636492e-02
2.772558719937079919e-01 -2.318181818181818121e-01 -1.636363636363636492e-02
2.772558719937079919e-01 -2.318181818181818121e-01 -1.636363636363636492e-02
2.772558719937079919e-01 -2.318181818181818121e-01 -1.636363636363636492e-02
2.772558719937079919e-01 -2.318181818181818121e-01 -1.636363636363636492e-02
2.772558719937079919e-01 -2.318181818181818121e-01 -1.636363636363636492e-02
2.772558719937079919e-01 -2.318181818181818121e-01 -1.636363636363636492e-02
2.772558719937079919e-01 -2.318181818181818121e-01 -1.636363636363636492e-02
2.772558719937079919e-01 -2.318181818181818121e-01 -1.636363636363636492e-02
2.772558719937079919e-01 -2.318181818181818121e-01 -1.636363636363636492e-02
2.772558719937079919e-01 -2.318181818181818121e-01 -1.636363636363636492e-02
2.772558719937079919e-01 -2.318181818181818121e-01 -1.636363636363636492e-02
2.772558719937079919e-01 -2.318181818181818121e-01 -1.636363636363636492e-02
2.772558719937079919e-01 -2.318181818181818121e-01 -1.636363636363636492e-02
2.772558719937079919e-01 -2.318181818181818121e-01 -1.636363636363636492e-02
2.772558719937079919e-01 -2.318181818181818121e-01 -1.636363636363636492e-02
2.772558719937079919e-01 -2.318181818181818121e-01 -1.636363636363636492e-02
2.772558719937079919e-01 -2.318181818181818121e-01 -1.636363636363636492e-02
2.772558719937079919e-01 -2.318181818181818121e-01 -1.636363636363636492e-02
2.772558719937079919e-01 -2.318181818181818121e-01 -1.636363636363636492e-02
2.772558719937079919e-01 -2.318181818181818121e-01 -1.636363636363636492e-02
2.772558719937079919e-01 -2.318181818181818121e-01 -1.636363636363636492e-02
2.772558719937079919e-01 -2.318181818181818121e-01 -1.636363636363636492e-02
2.772558719937079919e-01 -2.318181818181818121e-01 -1.636363636363636492e-02
2.772558719937079919e-01 -2.318181818181818121e-01 -1.636363636363636492e-02
2.772558719937079919e-01 -2.318181818181818121e-01 -1.636363636363636492e-02
2.772558719937079919e-01 -2.318181818181818121e-01 -1.636363636363636492e-02
2.772558719937079919e-01 -2.318181818181818121e-01 -1.636363636363636492e-02
2.772558719937079919e-01 -2.318181818181818121e-01 -1.636363636363636492e-02
2.772558719937079919e-01 -2.318181818181818121e-01 -1.636363636363636492e-02
2.772558719937079919e-01 -2.318181818181818121e-01 -1.636363636363636492e-02
2.772558719937079919e-01 -2.318181818181818121e-01 -1.636363636363636492e-02
2.772558719937079919e-01 -2.318181818181818121e-01 -1.636363636363636492e-02
2.772558719937079919e-01 -2.318181818181818121e-01 -1.636363636363636492e-02
2.772558719937079919e-01 -2.318181818181818121e-01 -1.636363636363636492e-02
2.772558719937079919e-01 -2.318181818181818121e-01 -1.636363636363636492e-02
2.772558719937079919e-01 -2.318181818181818121e-01 -1.636363636363636492e-02
2.772558719937079919e-01 -2.318181818181818121e-01 -1.636363636363636492e-02
2.772558719937079919e-01 -2.318181818181818121e-01 -1.636363636363636492e-02
2.772558719937079919e-01 -2.318181818181818121e-01 -1.636363636363636492e-02
2.772558719937079919e-01 -2.318181818181818121e-01 -1.636363636363636492e-02
2.772558719937079919e-01 -2.318181818181818121e-01 -1.636363636363636492e-02
2.772558719937079919e-01 -2.318181818181818121e-01 -1.636363636363636492e-02
2.772558719937079919e-01 -2.318181818181818121e-01 -1.636363636363636492e-02
2.772558719937079919e-01 -2.318181818181818121e-01 -1.636363636363636492e-02
2.772558719937079919e-01 -2.318181818181818121e-01 -1.636363636363636492e-02
2.772558719937079919e-01 -2.318181818181818121e-01 -1.636363636363636492e-02
2.772558719937079919e-01 -2.318181818181818121e-01 -1.636363636363636492e-02
2.772558719937079919e-01 -2.318181818181818121e-01 -1.636363636363636492e-02
2.772558719937079919e-01 -2.318181818181818121e-01 -1.636363636363636492e-02
2.772558719937079919e-01 -2.318181818181818121e-01 -1.636363636363636492e-02
2.772558719937079919e-01 -2.318181818181818121e-01 -1.636363636363636492e-02
2.772558719937079919e-01 -2.318181818181818121e-01 -1.636363636363636492e-02
2.772558719937079919e-01 -2.318181818181818121e-01 -1.636363636363636492e-02
2.772558719937079919e-01 -2.318181818181818121e-01 -1.636363636363636492e-02
2.772558719937079919e-01 -2.318181818181818121e-01 -1.636363636363636492e-02
2.772558719937079919e-01 -2.318181818181818121e-01 -1.636363636363636492e-02
2.772558719937079919e-01 -2.318181818181818121e-01 -1.636363636363636492e-02
2.772558719937079919e-01 -2.318181818181818121e-01 -1.636363636363636492e-02
2.772558719937079919e-01 -2.318181818181818121e-01 -1.636363636363636492e-02
2.772558719937079919e-01 -2.318181818181818121e-01 -1.636363636363636492e-02
2.772558719937079919e-01 -2.318181818181818121e-01 -1.636363636363636492e-02
2.772558719937079919e-01 -2.318181818181818121e-01 -1.636363636363636492e-02
2.772558719937079919e-01 -2.318181818181818121e-01 -1.636363636363636492e-02
2.772558719937079919e-01 -2.318181818181818121e-01 -1.636363636363636492e-02
2.772558719937079919e-01 -2.318181818181818121e-01 -1.636363636363636492e-02
2.772558719937079919e-01 -2.318181818181818121e-01 -1.636363636363636492e-02
2.772558719937079919e-01 -2.318181818181818121e-01 -1.636363636363636492e-02
2.772558719937079919e-01 -2.318181818181818121e-01 -1.636363636363636492e-02
2.772558719937079919e-01 -2.318181818181818121e-01 -1.636363636363636492e-02
2.772558719937079919e-01 -2.318181818181818121e-01 -1.636363636363636492e-02
2.772558719937079919e-01 -2.318181818181818121e-01 -1.636363636363636492e-02
2.772558719937079919e-01 -2.318181818181818121e-01 -1.636363636363636492e-02
2.772558719937079919e-01 -2.318181818181818121e-01 -1.636363636363636492e-02
2.772558719937079919e-01 -2.318181818181818121e-01 -1.636363636363636492e-02
2.772558719937079919e-01 -2.318181818181818121e-01 -1.636363636363636492e-02
2.772558719937079919e-01 -2.318181818181818121e-01 -1.636363636363636492e-02
2.772558719937079919e-01 -2.318181818181818121e-01 -1.636363636363636492e-02
2.772558719937079919e-01 -2.318181818181818121e-01 -1.636363636363636492e-02
2.772558719937079919e-01 -2.318181818181818121e-01 -1.636363636363636492e-02
2.772558719937079919e-01 -2.318181818181818121e-01 -1.636363636363636492e-02
2.772558719937079919e-01 -2.318181818181818121e-01 -1.636363636363636492e-02
2.772558719937079919e-01 -2.318181818181818121e-01 -1.636363636363636492e-02
2.772558719937079919e-01 -2.318181818181818121e-01 -1.636363636363636492e-02
2.772558719937079919e-01 -2.318181818181818121e-01 -1.636363636363636492e-02
2.772558719937079919e-01 -2.318181818181818121e-01 -1.636363636363636492e-02
2.772558719937079919e-01 -2.318181818181818121e-01 -1.636363636363636492e-02
2.772558719937079919e-01 -2.318181818181818121e-01 -1.636363636363636492e-02
2.772558719937079919e-01 -2.318181818181818121e-01 -1.636363636363636492e-02
2.772558719937079919e-01 -2.318181818181818121e-01 -1.636363636363636492e-02
2.772558719937079919e-01 -2.318181818181818121e-01 -1.636363636363636492e-02
2.772558719937079919e-01 -2.318181818181818121e-01 -1.636363636363636492e-02
2.772558719937079919e-01 -2.318181818181818121e-01 -1.636363636363636492e-02
2.772558719937079919e-01 -2.318181818181818121e-01 -1.636363636363636492e-02
2.772558719937079919e-01 -2.318181818181818121e-01 -1.636363636363636492e-02
2.772558719937079919e-01 -2.318181818181818121e-01 -1.636363636363636492e-02
2.772558719937079919e-01 -2.318181818181818121e-01 -1.636363636363636492e-02
2.772558719937079919e-01 -2.318181818181818121e-01 -1.636363636363636492e-02
2.772558719937079919e-01 -2.318181818181818121e-01 -1.636363636363636492e-02
2.772558719937079919e-01 -2.318181818181818121e-01 -1.636363636363636492e-02
2.772558719937079919e-01 -2.318181818181818121e-01 -1.636363636363636492e-02
2.772558719937079919e-01 -2.318181818181818121e-01 -1.636363636363636492e-02
2.772558719937079919e-01 -2.318181818181818121e-01 -1.636363636363636492e-02
2.772558719937079919e-01 -2.318181818181818121e-01 -1.636363636363636492e-02
2.772558719937079919e-01 -2.318181818181818121e-01 -1.636363636363636492e-02
2.772558719937079919e-01 -2.318181818181818121e-01 -1.636363636363636492e-02
2.772558719937079919e-01 -2.318181818181818121e-01 -1.636363636363636492e-02
2.772558719937079919e-01 -2.318181818181818121e-01 -1.636363636363636492e-02
2.772558719937079919e-01 -2.318181818181818121e-01 -1.636363636363636492e-02
2.772558719937079919e-01 -2.318181818181818121e-01 -1.636363636363636492e-02
2.772558719937079919e-01 -2.318181818181818121e-01 -1.636363636363636492e-02
2.771756331180790789e-01 -2.318181818181818121e-01 -2.363636363636363591e-02
2.771756331180790789e-01 -2.318181818181818121e-01 -2.363636363636363591e-02
2.771756331180790789e-01 -2.318181818181818121e-01 -2.363636363636363591e-02
2.771756331180790789e-01 -2.318181818181818121e-01 -2.363636363636363591e-02
2.771756331180790789e-01 -2.318181818181818121e-01 -2.363636363636363591e-02
2.771756331180790789e-01 -2.318181818181818121e-01 -2.363636363636363591e-02
2.772176828811836469e-01 -2.345454545454545570e-01 -1.272727272727272770e-02
2.772176828811836469e-01 -2.345454545454545570e-01 -1.272727272727272770e-02
2.772176828811836469e-01 -2.345454545454545570e-01 -1.272727272727272770e-02
2.772176828811836469e-01 -2.345454545454545570e-01 -1.272727272727272770e-02
2.772176828811836469e-01 -2.345454545454545570e-01 -1.272727272727272770e-02
2.772176828811836469e-01 -2.345454545454545570e-01 -1.272727272727272770e-02
2.772176828811836469e-01 -2.345454545454545570e-01 -1.272727272727272770e-02
2.772176828811836469e-01 -2.345454545454545570e-01 -1.272727272727272770e-02
2.772176828811836469e-01 -2.345454545454545570e-01 -1.272727272727272770e-02
2.772176828811836469e-01 -2.345454545454545570e-01 -1.272727272727272770e-02
2.772176828811836469e-01 -2.345454545454545570e-01 -1.272727272727272770e-02
2.772176828811836469e-01 -2.345454545454545570e-01 -1.272727272727272770e-02
2.772176828811836469e-01 -2.345454545454545570e-01 -1.272727272727272770e-02
2.772176828811836469e-01 -2.345454545454545570e-01 -1.272727272727272770e-02
2.772176828811836469e-01 -2.345454545454545570e-01 -1.272727272727272770e-02
2.772176828811836469e-01 -2.345454545454545570e-01 -1.272727272727272770e-02
2.772176828811836469e-01 -2.345454545454545570e-01 -1.272727272727272770e-02
2.772176828811836469e-01 -2.345454545454545570e-01 -1.272727272727272770e-02
2.772176828811836469e-01 -2.345454545454545570e-01 -1.272727272727272770e-02
2.772176828811836469e-01 -2.345454545454545570e-01 -1.272727272727272770e-02
2.772176828811836469e-01 -2.345454545454545570e-01 -1.272727272727272770e-02
2.772176828811836469e-01 -2.345454545454545570e-01 -1.272727272727272770e-02
2.772176828811836469e-01 -2.345454545454545570e-01 -1.272727272727272770e-02
2.772176828811836469e-01 -2.345454545454545570e-01 -1.272727272727272770e-02
2.772176828811836469e-01 -2.345454545454545570e-01 -1.272727272727272770e-02
2.772176828811836469e-01 -2.345454545454545570e-01 -1.272727272727272770e-02
2.772176828811836469e-01 -2.345454545454545570e-01 -1.272727272727272770e-02
2.772176828811836469e-01 -2.345454545454545570e-01 -1.272727272727272770e-02
2.772176828811836469e-01 -2.345454545454545570e-01 -1.272727272727272770e-02
2.772176828811836469e-01 -2.345454545454545570e-01 -1.272727272727272770e-02
2.772176828811836469e-01 -2.345454545454545570e-01 -1.272727272727272770e-02
2.772176828811836469e-01 -2.345454545454545570e-01 -1.272727272727272770e-02
2.772176828811836469e-01 -2.345454545454545570e-01 -1.272727272727272770e-02
2.772176828811836469e-01 -2.345454545454545570e-01 -1.272727272727272770e-02
2.761334514174058619e-01 -2.454545454545454530e-01 -2.000000000000000042e-02
2.761334514174058619e-01 -2.454545454545454530e-01 -2.000000000000000042e-02
2.761334514174058619e-01 -2.454545454545454530e-01 -2.000000000000000042e-02
2.761334514174058619e-01 -2.454545454545454530e-01 -2.000000000000000042e-02
2.761334514174058619e-01 -2.454545454545454530e-01 -2.000000000000000042e-02
2.761334514174058619e-01 -2.454545454545454530e-01 -2.000000000000000042e-02
2.761334514174058619e-01 -2.454545454545454530e-01 -2.000000000000000042e-02
2.761334514174058619e-01 -2.454545454545454530e-01 -2.000000000000000042e-02
2.761334514174058619e-01 -2.454545454545454530e-01 -2.000000000000000042e-02
2.761334514174058619e-01 -2.454545454545454530e-01 -2.000000000000000042e-02
