-6.000000000000000000e+02 -4.000000000000000000e+02 -1.500000000000000000e+01 -5.426451534928902447e+02 -8.196628442584698178e+02 1.322282571112282312e+01 -1.589402619701359924e+02 -5.687604716896738637e+02 4.142973509734887898e+02 -3.455025150271467282e+02 -2.566013918730692467e+02 -1.437430872893931877e+01 -3.395407981459192683e+02 -6.902857946702524714e+02 -2.786052550337821643e+01 -5.000000000000000000e+02 -3.000000000000000000e+02 -1.500000000000000000e+01
-6.000000000000000000e+02 -4.000000000000000000e+02 -1.500000000000000000e+01 -5.426451534928902447e+02 -8.196628442584698178e+02 1.322282571112282312e+01 -1.589402619701359924e+02 -5.687604716896738637e+02 4.142973509734887898e+02 5.027118403674653564e+02 -2.486553878959830399e+02 -4.899161425074433751e+00 5.118410404887591199e+02 -2.969711142500934784e+02 -4.699834497890024636e+02 -5.000000000000000000e+02 -3.000000000000000000e+02 -1.500000000000000000e+01
-6.000000000000000000e+02 -4.000000000000000000e+02 -1.500000000000000000e+01 -3.781939224635700612e+02 -3.642477415881137404e+02 -7.912813605704577924e+00 5.216137955907305468e+02 -2.911490647670029830e+02 1.065774330789729163e+02 5.027118403674653564e+02 -2.486553878959830399e+02 -4.899161425074433751e+00 5.048508015503796287e+02 -2.757712583848327768e+02 -3.383474058748432185e+02 -5.000000000000000000e+02 -3.000000000000000000e+02 -1.500000000000000000e+01
-6.000000000000000000e+02 -4.000000000000000000e+02 -1.500000000000000000e+01 -4.130820555062923631e+02 -4.084987347063356538e+02 -7.381564195416732588e+00 -1.517157146139961696e+02 -5.279119649290895495e+02 3.811942309899538941e+02 5.027118403674653564e+02 -2.486553878959830399e+02 -4.899161425074433751e+00 5.118410404887591199e+02 -2.969711142500934784e+02 -4.699834497890024636e+02 -5.000000000000000000e+02 -3.000000000000000000e+02 -1.500000000000000000e+01
-6.000000000000000000e+02 -4.000000000000000000e+02 -1.500000000000000000e+01 -3.681246818981354636e+02 -3.542357610909344885e+02 -7.898292780956399639e+00 5.163447636055545900e+02 -2.969654414858605946e+02 3.150264856318081002e+02 5.035253669505192988e+02 -2.493460501038810833e+02 -1.320413959509060042e+00 5.053892089362366278e+02 -2.839496762203216917e+02 -6.825938892448310753e+02 -5.000000000000000000e+02 -3.000000000000000000e+02 -1.500000000000000000e+01
-6.000000000000000000e+02 -4.000000000000000000e+02 -1.500000000000000000e+01 -4.232363468652355891e+02 -3.952950455368498979e+02 -7.381564195416732588e+00 -1.589402619701359924e+02 -5.687604716896738637e+02 4.142973509734887898e+02 -3.553687297035491497e+02 -2.985640598211522843e+02 -1.249733730973938961e+01 -3.395407981459192683e+02 -6.902857946702524714e+02 -2.786052550337821643e+01 -5.000000000000000000e+02 -3.000000000000000000e+02 -1.500000000000000000e+01
-6.000000000000000000e+02 -4.000000000000000000e+02 -1.500000000000000000e+01 -5.426451534928902447e+02 -8.196628442584698178e+02 1.322282571112282312e+01 -1.589402619701359924e+02 -5.687604716896738637e+02 4.142973509734887898e+02 -4.535904943117405992e+02 -2.800654019918461586e+02 -1.071299500235716629e+01 -4.493823105911548623e+02 -2.786633468267723970e+02 6.219459389240124203e+00 -5.000000000000000000e+02 -3.000000000000000000e+02 -1.500000000000000000e+01
-6.000000000000000000e+02 -4.000000000000000000e+02 -1.500000000000000000e+01 -4.278328916478034785e+02 -3.931818630686030360e+02 -1.034869603924488146e+01 5.075379635918749273e+02 -2.915134572045095069e+02 3.255043408535672143e+02 -3.511494705177601077e+02 -2.954469260480449293e+02 -1.762787534480579765e+01 -4.018156236145396747e+02 -2.922279638558454735e+02 -1.097110125639279943e+01 -5.000000000000000000e+02 -3.000000000000000000e+02 -1.500000000000000000e+01
-6.000000000000000000e+02 -4.000000000000000000e+02 -1.500000000000000000e+01 -4.192039359494963264e+02 -4.158149368027370087e+02 1.131612888040783638e+01 -1.532756219582945505e+02 -5.198579287410850611e+02 3.811942309899538941e+02 -3.553687297035491497e+02 -2.985640598211522843e+02 -1.249733730973938961e+01 -4.035595463180961247e+02 -2.959903859986173416e+02 -1.780803782366559673e+01 -5.000000000000000000e+02 -3.000000000000000000e+02 -1.500000000000000000e+01
-6.000000000000000000e+02 -4.000000000000000000e+02 -1.500000000000000000e+01 -3.781939224635700612e+02 -3.642477415881137404e+02 -7.912813605704577924e+00 5.163447636055545900e+02 -2.969654414858605946e+02 3.156030181516761104e+02 5.027118403674653564e+02 -2.541603763318615847e+02 -4.899161425074433751e+00 5.022599495704979518e+02 -2.788451321913989887e+02 -6.825938892448310753e+02 -5.000000000000000000e+02 -3.000000000000000000e+02 -1.500000000000000000e+01
-6.000000000000000000e+02 -4.000000000000000000e+02 -1.500000000000000000e+01 -3.781939224635700612e+02 -3.642477415881137404e+02 -7.912813605704577924e+00 5.262357401677566031e+02 -2.912900325699503128e+02 -7.544931935203178952e+00 5.027118403674653564e+02 -2.541603763318615847e+02 -4.899161425074433751e+00 5.118410404887591199e+02 -2.969711142500934784e+02 -4.699834497890024636e+02 -5.000000000000000000e+02 -3.000000000000000000e+02 -1.500000000000000000e+01
-6.000000000000000000e+02 -4.000000000000000000e+02 -1.500000000000000000e+01 -4.323394159706520554e+02 -3.985322145173936974e+02 -1.996963855196943172e+01 -1.589402619701359924e+02 -5.687604716896738637e+02 4.142973509734887898e+02 -4.535904943117405992e+02 -2.800654019918461586e+02 -1.071299500235716629e+01 -4.573602374887540805e+02 -2.821484704767895551e+02 -3.233761391503165328e+00 -5.000000000000000000e+02 -3.000000000000000000e+02 -1.500000000000000000e+01
-6.000000000000000000e+02 -4.000000000000000000e+02 -1.500000000000000000e+01 -3.781939224635700612e+02 -3.642477415881137404e+02 -7.912813605704577924e+00 5.035581552247086847e+02 -2.774193805044174610e+02 -6.187665499452743916e+02 5.027118403674653564e+02 -2.541603763318615847e+02 -4.899161425074433751e+00 5.118410404887591199e+02 -2.969711142500934784e+02 -4.699834497890024636e+02 -5.000000000000000000e+02 -3.000000000000000000e+02 -1.500000000000000000e+01
-6.000000000000000000e+02 -4.000000000000000000e+02 -1.500000000000000000e+01 -4.278328916478034785e+02 -3.931818630686030360e+02 -1.034869603924488146e+01 5.152769742700581901e+02 -2.961965736173536925e+02 3.340325935520782537e+02 5.015437621804378523e+02 -2.528190400372515114e+02 1.142958322257205062e+00 -4.035595463180961247e+02 -2.959903859986173416e+02 -1.780803782366559673e+01 -5.000000000000000000e+02 -3.000000000000000000e+02 -1.500000000000000000e+01
-6.000000000000000000e+02 -4.000000000000000000e+02 -1.500000000000000000e+01 -4.648532059585210163e+02 -3.652188705305206895e+02 1.071730603574113275e+03 -4.891618832388898568e+02 -3.276184773396395258e+02 -4.304366372657424833e+00 -4.673482004297034109e+02 -2.800654019918461586e+02 -1.071299500235716629e+01 -4.573602374887540805e+02 -2.821484704767895551e+02 -3.233761391503165328e+00 -5.000000000000000000e+02 -3.000000000000000000e+02 -1.500000000000000000e+01
-6.000000000000000000e+02 -4.000000000000000000e+02 -1.500000000000000000e+01 -5.426451534928902447e+02 -8.196628442584698178e+02 1.322282571112282312e+01 -1.589402619701359924e+02 -5.687604716896738637e+02 4.142973509734887898e+02 5.027118403674653564e+02 -2.541603763318615847e+02 -4.899161425074433751e+00 5.118410404887591199e+02 -2.969711142500934784e+02 -4.699834497890024636e+02 -5.000000000000000000e+02 -3.000000000000000000e+02 -1.500000000000000000e+01
-6.000000000000000000e+02 -4.000000000000000000e+02 -1.500000000000000000e+01 -4.130820555062923631e+02 -4.142092856780908505e+02 -3.436249377404473559e+00 -1.572552945761177341e+02 -5.228897499387147718e+02 3.657757736448571677e+02 -3.511494705177601077e+02 -2.954469260480449293e+02 -1.762787534480579765e+01 -4.035595463180961247e+02 -2.959903859986173416e+02 -1.780803782366559673e+01 -5.000000000000000000e+02 -3.000000000000000000e+02 -1.500000000000000000e+01
-6.000000000000000000e+02 -4.000000000000000000e+02 -1.500000000000000000e+01 -3.807711683818952793e+02 -3.642477415881137404e+02 -7.912813605704577924e+00 5.152769742700581901e+02 -2.947279809891388709e+02 3.334798062475342704e+02 5.079755502802752858e+02 -2.675051009473870636e+02 -2.098673891639083422e+01 -4.039549621422959831e+02 -2.890625513837377980e+02 -1.628478280577810366e+01 -5.000000000000000000e+02 -3.000000000000000000e+02 -1.500000000000000000e+01
-6.000000000000000000e+02 -4.000000000000000000e+02 -1.500000000000000000e+01 -4.309328279036872118e+02 -3.931818630686030360e+02 3.983733603484346304e+02 5.152769742700581901e+02 -2.961965736173536925e+02 3.340325935520782537e+02 -3.511494705177601077e+02 -2.954469260480449293e+02 -1.762787534480579765e+01 -4.018156236145396747e+02 -2.922279638558454735e+02 -1.097110125639279943e+01 -5.000000000000000000e+02 -3.000000000000000000e+02 -1.500000000000000000e+01
-6.000000000000000000e+02 -4.000000000000000000e+02 -1.500000000000000000e+01 -4.192039359494963264e+02 -4.158149368027370087e+02 1.131612888040783638e+01 -1.589402619701359924e+02 -5.687604716896738637e+02 4.142973509734887898e+02 5.027118403674653564e+02 -2.486553878959830399e+02 -4.899161425074433751e+00 5.118410404887591199e+02 -2.969711142500934784e+02 -4.699834497890024636e+02 -5.000000000000000000e+02 -3.000000000000000000e+02 -1.500000000000000000e+01
-6.000000000000000000e+02 -4.000000000000000000e+02 -1.500000000000000000e+01 -4.163456124398684892e+02 -3.888125517990267213e+02 -2.286360406419491653e+01 5.236029915439605702e+02 -2.883165250786879596e+02 -1.610471455160845267e+01 5.027118403674653564e+02 -2.541603763318615847e+02 -4.899161425074433751e+00 5.079723212951522555e+02 -2.844416897384874119e+02 -4.564084229767856300e+02 -5.000000000000000000e+02 -3.000000000000000000e+02 -1.500000000000000000e+01
-6.000000000000000000e+02 -4.000000000000000000e+02 -1.500000000000000000e+01 -4.130820555062923631e+02 -4.084987347063356538e+02 -7.381564195416732588e+00 -1.549651892938071853e+02 -5.195683753190899097e+02 3.811942309899538941e+02 5.027118403674653564e+02 -2.486553878959830399e+02 -4.899161425074433751e+00 5.118410404887591199e+02 -2.969711142500934784e+02 -4.699834497890024636e+02 -5.000000000000000000e+02 -3.000000000000000000e+02 -1.500000000000000000e+01
-6.000000000000000000e+02 -4.000000000000000000e+02 -1.500000000000000000e+01 -4.278328916478034785e+02 -3.931818630686030360e+02 -1.034869603924488146e+01 5.152769742700581901e+02 -2.961965736173536925e+02 3.340325935520782537e+02 5.027118403674653564e+02 -2.486553878959830399e+02 -4.899161425074433751e+00 5.015860166472816672e+02 -2.648276694617710518e+02 -4.821525219253500723e+02 -5.000000000000000000e+02 -3.000000000000000000e+02 -1.500000000000000000e+01
-6.000000000000000000e+02 -4.000000000000000000e+02 -1.500000000000000000e+01 -4.232363468652355891e+02 -3.952950455368498979e+02 -7.381564195416732588e+00 5.163447636055545900e+02 -2.969654414858605946e+02 3.156030181516761104e+02 5.027118403674653564e+02 -2.541603763318615847e+02 -4.899161425074433751e+00 -4.018156236145396747e+02 -2.922279638558454735e+02 -1.097110125639279943e+01 -5.000000000000000000e+02 -3.000000000000000000e+02 -1.500000000000000000e+01
