Nombre	lat	lon
BZ0	39,794746305386774	-4,0845463782190485
BZ1	39,79807349636639	-4,086607638521069
BZ2	39,79638265330696	-4,086984841953213
BZ3	39,795045032410265	-4,085572844848016
BZ4	39,794691808510926	-4,087362026737341
BZ5	39,79132291539808	-4,084087917439559
BZ6	39,795045025967895	-4,085936675849625
BZ7	39,7937760282762	-4,080841772787946
BZ8	39,79888573953332	-4,084827863999743
BZ9	39,79504501838483	-4,086300506851106
BZ10	39,79939743338733	-4,094139550813545
BZ11	39,79382554632134	-4,0966850450640555
BZ12	39,7948827073039	-4,085572840445324
BZ13	39,78855616416961	-4,085313731959728
BZ14	39,79034402600139	-4,069771731701367
BZ15	39,794882700861564	-4,085936670591683
BZ16	39,79823975278415	-4,068206084858414
BZ17	39,80395253029249	-4,086426863717946
BZ18	39,794882693278545	-4,086300500737915
BZ19	39,80041633669442	-4,108883987911497
BZ20	39,78971307137454	-4,112783599436994
BZ21	39,79472038221228	-4,085572836042669
0.0	39,78197620157351	-4,091271941622495
0.0	39,78590026185553	-4,06165639282737
0.0	39,79472037576999	-4,085936665333784
0.0	39,79985159665008	-4,050058024856152
0.0	39,812182263063484	-4,067425776725906
0.0	39,79350324665411	-4,089834129948895
0.0	39,81096939981931	-4,099778889759938
0.0	39,79483523091912	-4,121262718149787
0.0	39,79234170285565	-4,089886770913144
0.0	39,77530221202322	-4,1168863936963636
0.0	39,76820742809006	-4,093826636948056
0.0	39,79245560991683	-4,090111513259321
0.0	39,78073131684619	-4,072636081437323
0.0	39,80433735524187	-4,068682324862053
0.0	39,79213610787481	-4,090051473307336
0.0	39,81995176151607	-4,0811041730939674
0.0	39,812773488495274	-4,097038779767957
0.0	39,79246381111296	-4,089673592316768
0.0	39,785942503190846	-4,104238518313418
0.0	39,76100675927028	-4,099712903542807
0.0	39,79248415931453	-4,090391884819815
0.0	39,761618079179	-4,088989829502047
0.0	39,79139148368018	-4,080239504038382
0.0	39,79271416729058	-4,089625638261101
0.0	39,82616058544047	-4,079365031567267
0.0	39,83275839188258	-4,08735115507391
0.0	39,78835709784257	-4,089557503067841
0.0	39,80168133127504	-4,098799706394525
0.0	39,76108459294874	-4,103707397818892
0.0	39,78809039835976	-4,0882400882725936
0.0	39,751272826142994	-4,095298764461065
0.0	39,78070822867895	-4,0791041094311975
0.0	39,78835709784257	-4,089557503067841
0.0	39,81352918450948	-4,071227331942447
0.0	39,81045385459504	-4,081766517617849
0.0	39,79090666434705	-4,089867756135642
0.0	39,778604018352006	-4,100166604547221
0.0	39,763613157948654	-4,1048522223262545
0.0	39,79495159282984	-4,087562187130025
0.0	39,78669185152344	-4,090811769399836
0.0	39,81273072736172	-4,07827274292401
0.0	39,793413327054246	-4,085657853857564
0.0	39,80372872913881	-4,084153570336071
0.0	39,781463078317636	-4,094637311645392
