Nombre	lat	lon
BZ0	39,794746305386774	-4,0845463782190485
BZ1	39,79286440335963	-4,089653851240575
BZ2	39,796555945265354	-4,083934537842734
BZ3	39,79472038221228	-4,085572836042669
BZ4	39,79532546287559	-4,08584104361566
BZ5	39,796918945604844	-4,080549445877484
BZ6	39,79472037576999	-4,085936665333784
BZ7	39,79466546665467	-4,082240302577568
BZ8	39,79214368404368	-4,089779425998142
BZ9	39,79472036818703	-4,086300494624773
BZ10	39,79339892487009	-4,094459915161742
BZ11	39,796818521773154	-4,090313207403585
BZ12	39,7948827073039	-4,085572840445324
BZ13	39,797604386899295	-4,080620036359667
BZ14	39,794472764541545	-4,074631691673032
BZ15	39,794882700861564	-4,085936670591683
BZ16	39,79141683897163	-4,078568367147574
BZ17	39,79267276283822	-4,0897103377090325
BZ18	39,794882693278545	-4,086300500737915
BZ19	39,79736448287204	-4,098771456553862
BZ20	39,80014490739537	-4,097978550698444
BZ21	39,795045032410265	-4,085572844848016
BZ22	39,79707834740839	-4,087577219228253
0.0	39,79034803785252	-4,075446492681009
0.0	39,795045025967895	-4,085936675849625
0.0	39,7866917377088	-4,07064151203951
0.0	39,79089189917262	-4,076428774738767
0.0	39,79495159282984	-4,087562187130025
0.0	39,80062655972237	-4,088196804408694
0.0	39,80779830464573	-4,097447696254607
0.0	39,79374104048299	-4,089407998919357
0.0	39,80541551923709	-4,098475509835826
0.0	39,79394565941873	-4,0924948274370765
0.0	39,79234170285565	-4,089886770913144
0.0	39,78145549451076	-4,086053428516823
0.0	39,77727592954809	-4,085128483103675
0.0	39,79245560991683	-4,090111513259321
0.0	39,7844705039788	-4,089927357500023
0.0	39,797305124290006	-4,094988134264527
0.0	39,79213610787481	-4,090051473307336
0.0	39,80570306927323	-4,094640897725383
0.0	39,803099071827354	-4,088824484873453
0.0	39,79246381111296	-4,089673592316768
0.0	39,79160848642856	-4,083435271557309
0.0	39,78054155910747	-4,08440358287789
0.0	39,79248415931453	-4,090391884819815
0.0	39,77918793686496	-4,091261433626914
0.0	39,789143659087046	-4,097154156400318
0.0	39,79271416729058	-4,089625638261101
0.0	39,80236735078547	-4,095886430961178
0.0	39,807425456569334	-4,088737767811582
0.0	39,79113813176429	-4,08987478220567
0.0	39,79962539580631	-4,0832854327701575
0.0	39,78599724671088	-4,085075393237346
0.0	39,79029064963021	-4,089322368785911
0.0	39,779152153331346	-4,091531755128269
0.0	39,78467043597657	-4,095279682159321
0.0	39,7898250552929	-4,088256546850008
0.0	39,795031790585746	-4,092786320122718
0.0	39,797950018481984	-4,087706626416815
0.0	39,790311910549846	-4,087153536550279
0.0	39,79067320271939	-4,0853244647483145
0.0	39,78300570168533	-4,086175602342195
0.0	39,79401943524611	-4,087006384395588
0.0	39,78457539271571	-4,087206352396256
0.0	39,792798268109955	-4,0871944237246245
0.0	39,79359436454474	-4,085229373061497
0.0	39,7978415980464	-4,087368030763427
0.0	39,79645896529158	-4,087387934321869
