Nombre	lat	lon
BZ0	39,794746305386774	-4,0845463782190485
BZ1	39,793999377918645	-4,089915032680104
BZ2	39,79584616091964	-4,083364112822899
BZ3	39,79472038221228	-4,085572836042669
BZ4	39,795230607716604	-4,085547791679931
BZ5	39,795454553227565	-4,080324343211484
BZ6	39,79472037576999	-4,085936665333784
BZ7	39,79397524227336	-4,0828678023850165
BZ8	39,793630802970554	-4,09035587667294
BZ9	39,79472036818703	-4,086300494624773
BZ10	39,79553841988535	-4,093550707292268
BZ11	39,79664017877627	-4,088580376573315
BZ12	39,7948827073039	-4,085572840445324
BZ13	39,79443024068769	-4,080614466309221
BZ14	39,7915425993081	-4,077410693418143
BZ15	39,794882700861564	-4,085936670591683
BZ16	39,79280773474507	-4,08153576652459
BZ17	39,79825196290627	-4,088959253930131
BZ18	39,794882693278545	-4,086300500737915
BZ19	39,80163190005663	-4,093725919392761
BZ20	39,79739477750706	-4,093032042489244
0.0	39,795045032410265	-4,085572844848016
0.0	39,78819037973938	-4,088301451992085
0.0	39,78355164522616	-4,082724495058793
0.0	39,795045025967895	-4,085936675849625
0.0	39,79009013792676	-4,078709381403142
0.0	39,8035139341228	-4,077435544149397
0.0	39,79495159282984	-4,087562187130025
0.0	39,811626549759964	-4,0796268044117925
0.0	39,80602809266061	-4,0855349287579195
0.0	39,79234170285565	-4,089886770913144
0.0	39,79069846940337	-4,093770789258358
0.0	39,77845743404164	-4,100657948973982
0.0	39,79245560991683	-4,090111513259321
0.0	39,778761343548055	-4,101771135917474
0.0	39,78921322601669	-4,095289786158416
0.0	39,79213610787481	-4,090051473307336
0.0	39,79905022686174	-4,084640894347975
0.0	39,80027968327547	-4,077468257995784
0.0	39,79246381111296	-4,089673592316768
0.0	39,79462329192745	-4,080188775759445
0.0	39,78974760041502	-4,091605670476478
0.0	39,79248415931453	-4,090391884819815
0.0	39,790094802687975	-4,101925419843555
0.0	39,79286801437871	-4,100653257939987
0.0	39,79271416729058	-4,089625638261101
0.0	39,79298854954807	-4,087945135612715
0.0	39,7901961865271	-4,077036505819997
0.0	39,79381490502037	-4,089179167032048
0.0	39,78924976634042	-4,081320761115565
0.0	39,79308645850725	-4,09745414206884
0.0	39,79395549936529	-4,0866187569843335
0.0	39,798130925456206	-4,105815047769222
0.0	39,79853709700257	-4,093253532329889
0.0	39,79295128099299	-4,086249776310684
0.0	39,79412246081067	-4,0726809666325945
0.0	39,790793650391784	-4,069971069069461
0.0	39,79198037797286	-4,086250908043632
0.0	39,79205124131663	-4,088759672815492
0.0	39,793919960292726	-4,101817453983147
0.0	39,79368172820726	-4,085195516460878
0.0	39,79195209892694	-4,089619562168381
0.0	39,789717077866335	-4,0734141008700036
