Nombre	lat	lon
BZ0	39,794746305386774	-4,0845463782190485
BZ1	39,79641982241305	-4,079164287608591
BZ2	39,79618164181261	-4,084070923709487
BZ3	39,79549653149626	-4,0858505617841185
BZ4	39,79594325388118	-4,088977525989595
BZ5	39,79477784957698	-4,0943309754745
BZ6	39,795045032410265	-4,085572844848016
BZ7	39,79446661289937	-4,084677035226576
BZ8	39,794845170071326	-4,07433425472933
BZ9	39,795045025967895	-4,085936675849625
BZ10	39,79500925158452	-4,0794423158384365
BZ11	39,79491260633755	-4,094577493402883
BZ12	39,79504501838483	-4,086300506851106
BZ13	39,79524081857632	-4,100780703368092
BZ14	39,79603460540558	-4,09006467424652
BZ15	39,7948827073039	-4,085572840445324
BZ16	39,796189112883916	-4,074266423470221
BZ17	39,79473821671266	-4,070379791760172
BZ18	39,794882700861564	-4,085936670591683
BZ19	39,79246549445454	-4,081959940335215
BZ20	39,79172979634718	-4,096736501808405
BZ21	39,794882693278545	-4,086300500737915
BZ22	39,79417012183266	-4,100422358661106
BZ23	39,798428593655764	-4,090739033503944
0.0	39,79472038221228	-4,085572836042669
0.0	39,80060146218582	-4,078176186180682
0.0	39,79770150585121	-4,0746209306575105
0.0	39,79472037576999	-4,085936665333784
0.0	39,79110630465097	-4,082048935652283
0.0	39,78628628967001	-4,091741355183725
0.0	39,793931183127185	-4,0865650489356975
0.0	39,78825555459083	-4,093584498118819
0.0	39,796530830424174	-4,085924174243042
0.0	39,79420354107216	-4,087867391771631
0.0	39,80457188250547	-4,076902174500926
0.0	39,80495174948009	-4,076567039423308
0.0	39,79234170285565	-4,089886770913144
0.0	39,79604489926005	-4,087292907520884
0.0	39,78412845744157	-4,101195090244501
0.0	39,79245560991683	-4,090111513259321
0.0	39,7785672305368	-4,10681268775686
0.0	39,78392947120165	-4,099201890986654
0.0	39,79213610787481	-4,090051473307336
0.0	39,795840425006446	-4,084635735340204
0.0	39,80435264591489	-4,075554622857249
0.0	39,79246381111296	-4,089673592316768
0.0	39,802213485728224	-4,079666944434382
0.0	39,79116119345623	-4,092663510290044
0.0	39,79248415931453	-4,090391884819815
0.0	39,780801750411406	-4,101773539138472
0.0	39,78060230012574	-4,097963818225696
0.0	39,79271416729058	-4,089625638261101
0.0	39,791463754597416	-4,085537329533169
0.0	39,80429386991709	-4,07853360154568
0.0	39,79129664556186	-4,089889973707606
0.0	39,80752472498522	-4,085679081403707
0.0	39,797560756822165	-4,099330867392758
0.0	39,79045466405199	-4,088007833288594
0.0	39,78265665330308	-4,10272262029309
0.0	39,77584213670162	-4,090038235316369
0.0	39,79124901720506	-4,087399698043459
0.0	39,78276636167881	-4,075546739722674
0.0	39,79606305657628	-4,077135786764836
0.0	39,79102246991851	-4,086530052396333
0.0	39,80241445571262	-4,092115459731777
0.0	39,796111516931894	-4,09895663176896
0.0	39,7919623718086	-4,085915832303137
0.0	39,78531354000743	-4,08753193422847
0.0	39,783169581271075	-4,075769587877727
0.0	39,79335478978917	-4,085326273000059
0.0	39,79197176603587	-4,082531312236784
0.0	39,799214796510185	-4,094570064589925
