Nombre	lat	lon
BZ0	39,794746305386774	-4,0845463782190485
BZ1	39,79297519509016	-4,0898369648044826
BZ2	39,796428881146504	-4,083697526130855
BZ3	39,79472038221228	-4,085572836042669
BZ4	39,79527768878896	-4,085744073974534
BZ5	39,7967878042918	-4,080338452104639
BZ6	39,79472037576999	-4,085936665333784
BZ7	39,79469766063184	-4,082339151358866
BZ8	39,79231996660637	-4,090084454134697
BZ9	39,79472036818703	-4,086300494624773
BZ10	39,793442208072314	-4,094456256259078
BZ11	39,79661372837328	-4,0898901759684705
BZ12	39,7948827073039	-4,085572840445324
BZ13	39,79740156522659	-4,080332616289276
BZ14	39,794582583978894	-4,074991979069679
BZ15	39,794882700861564	-4,085936670591683
BZ16	39,79178798871544	-4,079291849914583
BZ17	39,792886760970575	-4,089917824280095
BZ18	39,794882693278545	-4,086300500737915
BZ19	39,797088103380084	-4,097991833648145
BZ20	39,799554334127414	-4,096836706610643
BZ21	39,795045032410265	-4,085572844848016
BZ22	39,79677263301755	-4,08732577852403
0.0	39,790775085442576	-4,076689210342653
0.0	39,795045025967895	-4,085936675849625
0.0	39,78761881742731	-4,072494588174716
0.0	39,7914785937828	-4,077078600674774
0.0	39,79495159282984	-4,087562187130025
0.0	39,800142680576904	-4,086555191507949
0.0	39,80640264549634	-4,0944742003546715
0.0	39,79374104048299	-4,089407998919357
0.0	39,80424087771294	-4,096779313790717
0.0	39,794241775203695	-4,094189064128882
0.0	39,79234170285565	-4,089886770913144
0.0	39,78338310242112	-4,09051118662271
0.0	39,779429170085415	-4,088794900802014
0.0	39,79245560991683	-4,090111513259321
0.0	39,78479840050126	-4,088945068596619
0.0	39,79494229471281	-4,088911785313599
0.0	39,79213610787481	-4,090051473307336
0.0	39,80218592025089	-4,087935962484879
0.0	39,8015667774876	-4,087945077930768
0.0	39,79246381111296	-4,089673592316768
0.0	39,79413671397433	-4,090947544949243
0.0	39,785710998051414	-4,095150719000757
0.0	39,79248415931453	-4,090391884819815
0.0	39,7824934282206	-4,0952554622605275
0.0	39,78677020812295	-4,088505700649901
0.0	39,79271416729058	-4,089625638261101
0.0	39,79540355899422	-4,080296310977285
0.0	39,802045529687575	-4,0807933474195766
0.0	39,791438052367106	-4,089809428580659
0.0	39,801728321978196	-4,093048214815757
0.0	39,79467795281646	-4,105757981357085
0.0	39,79030277175649	-4,087192322202076
0.0	39,78622259847646	-4,103061420717909
0.0	39,7824491991955	-4,084269974404559
0.0	39,790984251738486	-4,0864540148842305
0.0	39,78518822567877	-4,069035535691603
0.0	39,79092903843846	-4,075590831218667
0.0	39,79221402306829	-4,085693030708731
0.0	39,794595509139484	-4,095438224205725
0.0	39,79425973082236	-4,101194062270105
0.0	39,792542388287245	-4,0860933137515705
0.0	39,792075931825586	-4,084415057639236
0.0	39,79112146375733	-4,070957733748956
0.0	39,79359436454474	-4,085229373061497
0.0	39,792124888685464	-4,082876673744684
0.0	39,79343538548876	-4,099285851776672
