Nombre	lat	lon
BZ0	39,794746305386774	-4,0845463782190485
BZ1	39,79282262023448	-4,089859547075261
BZ2	39,79657077889998	-4,083842859125132
BZ3	39,79472038221228	-4,085572836042669
BZ4	39,795321427629325	-4,085848494348171
BZ5	39,796975416012664	-4,08027533026194
BZ6	39,79472037576999	-4,085936665333784
BZ7	39,79470905688438	-4,082056849207833
BZ8	39,792093828082706	-4,090034070051275
BZ9	39,79472036818703	-4,086300494624773
BZ10	39,793291285482	-4,094939268292842
BZ11	39,796793195291905	-4,090381326317006
BZ12	39,7948827073039	-4,085572840445324
BZ13	39,7977371745861	-4,0799950992901035
BZ14	39,79464497377928	-4,07389696418641
BZ15	39,794882700861564	-4,085936670591683
BZ16	39,7914122086799	-4,078667751410595
BZ17	39,79242850986395	-4,090840340199411
BZ18	39,794882693278545	-4,086300500737915
BZ19	39,79709293926676	-4,099921102904224
BZ20	39,80015226675042	-4,097804990075003
BZ21	39,795045032410265	-4,085572844848016
BZ22	39,797439669206035	-4,085853957852855
0.0	39,79078136878338	-4,073565126651378
0.0	39,795045025967895	-4,085936675849625
0.0	39,78678780242776	-4,070484496191101
0.0	39,790493051699386	-4,0785668805884425
0.0	39,79495159282984	-4,087562187130025
0.0	39,79999335072309	-4,091133288151138
0.0	39,80740721412869	-4,098728238424598
0.0	39,79381490502037	-4,089179167032048
0.0	39,80558081147764	-4,096760929745769
0.0	39,79460025314744	-4,088784709289728
0.0	39,79234170285565	-4,089886770913144
0.0	39,78223607262831	-4,082987805075001
0.0	39,7777697677513	-4,084954684168375
0.0	39,79245560991683	-4,090111513259321
0.0	39,784408240614766	-4,092783674998366
0.0	39,79664560302542	-4,098798483983116
0.0	39,79213610787481	-4,090051473307336
0.0	39,80468994417068	-4,096621211572573
0.0	39,80228312752006	-4,087481148054609
0.0	39,79246381111296	-4,089673592316768
0.0	39,791660857322626	-4,079693552730312
0.0	39,78175402955805	-4,081086479126999
0.0	39,79248415931453	-4,090391884819815
0.0	39,780955855072065	-4,091113977560517
0.0	39,79005670583132	-4,100591873868132
0.0	39,79271416729058	-4,089625638261101
0.0	39,80123453863484	-4,100210044143212
0.0	39,8046238489925	-4,089992872565908
0.0	39,79122010429761	-4,089617939937724
0.0	39,79741400962002	-4,079887316616481
0.0	39,78689783937657	-4,080006885040022
0.0	39,79018781709171	-4,088907498099236
0.0	39,78327659848764	-4,090103551221225
0.0	39,78858251345651	-4,099496707895944
0.0	39,79004543759769	-4,087082923806288
0.0	39,79425240162892	-4,0981094167847125
0.0	39,791860429076564	-4,087211602419207
0.0	39,79198037797286	-4,086250908043632
0.0	39,784870249551275	-4,0781052687247525
0.0	39,7847717015283	-4,0796530221313825
0.0	39,79295128099299	-4,086249776310684
0.0	39,79411557313556	-4,088275178309051
0.0	39,80048414609048	-4,092414231027788
0.0	39,79368172820726	-4,085195516460878
0.0	39,794421852770284	-4,087304936837389
0.0	39,78664545840911	-4,081579185073738
