Nombre	lat	lon
BZ0	39,794746305386774	-4,0845463782190485
BZ1	39,793736437871566	-4,090021629620137
BZ2	39,79528658660379	-4,0837865891646965
BZ3	39,79472038221228	-4,085572836042669
BZ4	39,79476990762972	-4,085864967035941
BZ5	39,79594583435598	-4,0800555104451295
BZ6	39,79472037576999	-4,085936665333784
BZ7	39,79537226143921	-4,081886446287553
BZ8	39,79365871326019	-4,090229139802561
BZ9	39,79472036818703	-4,086300494624773
BZ10	39,79299106719137	-4,095357193771195
BZ11	39,79439134495355	-4,090474304816662
BZ12	39,7948827073039	-4,085572840445324
BZ13	39,79650318695915	-4,079480943834757
BZ14	39,7970644808107	-4,073249785411799
BZ15	39,794882700861564	-4,085936670591683
BZ16	39,79533032571209	-4,078701574659902
BZ17	39,79291743304571	-4,0917379621239185
BZ18	39,794882693278545	-4,086300500737915
BZ19	39,79225173338316	-4,100863186484133
BZ20	39,79416366792188	-4,097760045097566
BZ21	39,795045032410265	-4,085572844848016
BZ22	39,79698147990787	-4,08470525797461
0.0	39,798036535134834	-4,07228396404767
0.0	39,795045025967895	-4,085936675849625
0.0	39,79619988555846	-4,070129561728097
0.0	39,79307707313436	-4,079268416718178
0.0	39,79495159282984	-4,087562187130025
0.0	39,79167292304962	-4,092251922449703
0.0	39,79361270193679	-4,099882575598777
0.0	39,79439766021717	-4,088419138330873
0.0	39,797416811529345	-4,098171129626977
0.0	39,799578642583654	-4,09018320503594
0.0	39,79374104048299	-4,089407998919357
0.0	39,797715240061386	-4,08252693655253
0.0	39,79294590488205	-4,080301207602329
0.0	39,79234170285565	-4,089886770913144
0.0	39,78905224734674	-4,08433062366066
0.0	39,788923329718955	-4,091642264399548
0.0	39,79245560991683	-4,090111513259321
0.0	39,79168075334245	-4,097726083587542
0.0	39,79360679552703	-4,098947944686539
0.0	39,79213610787481	-4,090051473307336
0.0	39,792261323797916	-4,09442554836497
0.0	39,789490610035195	-4,086865512491742
0.0	39,79246381111296	-4,089673592316768
0.0	39,78962001677004	-4,081399146746336
0.0	39,79416937472748	-4,082151746038239
0.0	39,79248415931453	-4,090391884819815
0.0	39,79893643663957	-4,08864200178757
0.0	39,797731010697376	-4,095608177069029
0.0	39,79271416729058	-4,089625638261101
0.0	39,789803320778454	-4,097485780421632
0.0	39,782529964311	-4,093668893818177
0.0	39,79419345631603	-4,088020689048105
0.0	39,7845785564815	-4,088739898578337
0.0	39,79563320382465	-4,0869401590321734
0.0	39,79414337684981	-4,086237419783725
0.0	39,804944429398645	-4,087394213444771
0.0	39,8027118561983	-4,0863770998288835
0.0	39,792801778014756	-4,085994083261742
0.0	39,79214181977955	-4,083652144214832
0.0	39,78611537866684	-4,083318603991227
0.0	39,79250096785755	-4,085569096714241
0.0	39,790524083902945	-4,086895401125012
0.0	39,79640569563892	-4,0893009726853515
0.0	39,79359436454474	-4,085229373061497
0.0	39,79402361798501	-4,086158643400815
0.0	39,78903473288274	-4,0822220291346305
