Nombre	lat	lon
BZ0	39,794746305386774	-4,0845463782190485
BZ1	39,79258448916741	-4,089421549209127
BZ2	39,796692216959606	-4,084152386416778
BZ3	39,79472038221228	-4,085572836042669
BZ4	39,79532300122139	-4,0859088436373465
BZ5	39,79728457488133	-4,080848106941239
BZ6	39,79472037576999	-4,085936665333784
BZ7	39,794871254813124	-4,0822930634494865
BZ8	39,79178488003365	-4,089441499948904
BZ9	39,79472036818703	-4,086300494624773
BZ10	39,792846825672896	-4,094129886730525
BZ11	39,796849218752314	-4,090418771780805
BZ12	39,7948827073039	-4,085572840445324
BZ13	39,798384627963635	-4,081097314993146
BZ14	39,79517440821924	-4,075003742551557
BZ15	39,794882700861564	-4,085936670591683
BZ16	39,79106748006359	-4,078466427642464
BZ17	39,791368414823204	-4,08923359576732
BZ18	39,794882693278545	-4,086300500737915
BZ19	39,796409775745076	-4,098343212798287
BZ20	39,800775807713265	-4,0979120953029815
BZ21	39,795045032410265	-4,085572844848016
0.0	39,79902095623869	-4,087818499463602
0.0	39,7918102739708	-4,075723891472559
0.0	39,795045025967895	-4,085936675849625
0.0	39,786008730901386	-4,070812565602815
0.0	39,788305639914206	-4,076615887022123
0.0	39,79495159282984	-4,087562187130025
0.0	39,798366366781444	-4,088538681649118
0.0	39,8081516492266	-4,097741127892675
0.0	39,79374104048299	-4,089407998919357
0.0	39,80844711927069	-4,098202599640209
0.0	39,79706533510486	-4,091401229820785
0.0	39,79234170285565	-4,089886770913144
0.0	39,78153655163301	-4,084745119907882
0.0	39,77369084698037	-4,084840580011127
0.0	39,79245560991683	-4,090111513259321
0.0	39,780260824936164	-4,0913083653322655
0.0	39,7969232453098	-4,097001715751738
0.0	39,79213610787481	-4,090051473307336
0.0	39,810700308965096	-4,095108875179764
0.0	39,80956936124987	-4,0867122333984165
0.0	39,79246381111296	-4,089673592316768
0.0	39,7926972444162	-4,080657215565103
0.0	39,773187063633166	-4,084468485215465
0.0	39,79248415931453	-4,090391884819815
0.0	39,7691343743004	-4,09516726926203
0.0	39,78750268716629	-4,10099179217086
0.0	39,79271416729058	-4,089625638261101
0.0	39,81408680563241	-4,094274467616959
0.0	39,82255941170641	-4,081788670968192
0.0	39,791438052367106	-4,089809428580659
0.0	39,80015492468085	-4,0786069904472555
0.0	39,766234121984844	-4,089811025562684
0.0	39,793933012266024	-4,087917290306596
0.0	39,7578679569065	-4,102159250654121
0.0	39,78846706302451	-4,099255605630731
0.0	39,792542388287245	-4,0860933137515705
0.0	39,82502989023845	-4,083515103166712
0.0	39,82209411423868	-4,074665910688137
0.0	39,79293146804119	-4,086186729274428
0.0	39,78216235024936	-4,082821915072744
0.0	39,76026041248764	-4,093370055445033
0.0	39,79353941209182	-4,085998777838355
0.0	39,788439142561266	-4,0895402031420796
0.0	39,82024310646976	-4,080254225220889
