Nombre	lat	lon
BZ0	39,794746305386774	-4,0845463782190485
BZ1	39,793197081658754	-4,089840118554132
BZ2	39,79628797079333	-4,083827033240414
BZ3	39,79472038221228	-4,085572836042669
BZ4	39,79525770919307	-4,085831454748768
BZ5	39,79650310794307	-4,080292482649764
BZ6	39,79472037576999	-4,085936665333784
BZ7	39,79458727615697	-4,082076381582247
BZ8	39,79262252149843	-4,090016564407976
BZ9	39,79472036818703	-4,086300494624773
BZ10	39,79379706047157	-4,094934757125757
BZ11	39,796495872557095	-4,090470900346739
BZ12	39,7948827073039	-4,085572840445324
BZ13	39,79683651136864	-4,080115858361347
BZ14	39,794216290678094	-4,073823398448189
BZ15	39,794882700861564	-4,085936670591683
BZ16	39,79216513776515	-4,078286731810657
BZ17	39,7937486403312	-4,090437406273942
BZ18	39,794882693278545	-4,086300500737915
BZ19	39,79753260550625	-4,1000366381428375
BZ20	39,79896618042308	-4,098649309337968
BZ21	39,795045032410265	-4,085572844848016
BZ22	39,79555804710774	-4,086870421994821
BZ23	39,79007985668215	-4,073749075196146
0.0	39,795045025967895	-4,085936675849625
0.0	39,788235424489436	-4,069327628153925
0.0	39,79300227365639	-4,076728975459768
0.0	39,79495159282984	-4,087562187130025
0.0	39,8012465417432	-4,090053008392009
0.0	39,806036449580766	-4,0993916827590136
0.0	39,79374104048299	-4,089407998919357
0.0	39,80264928925702	-4,0987548069677
0.0	39,79282823917404	-4,090596742186178
0.0	39,79234170285565	-4,089886770913144
0.0	39,78348840518098	-4,083361644021917
0.0	39,78107804576591	-4,084048583392767
0.0	39,79245560991683	-4,090111513259321
0.0	39,786533261086	-4,091978368797506
0.0	39,794981750469056	-4,099242119412557
0.0	39,79213610787481	-4,090051473307336
0.0	39,80003718991595	-4,0978751535840265
0.0	39,798747178154585	-4,087723177548905
0.0	39,79246381111296	-4,089673592316768
0.0	39,793214213730536	-4,077597755775175
0.0	39,78814727098462	-4,077731807586649
0.0	39,79248415931453	-4,090391884819815
0.0	39,78694130771668	-4,089725627404356
0.0	39,789561289342444	-4,103616804384978
0.0	39,79271416729058	-4,089625638261101
0.0	39,793426557895074	-4,106170405756105
0.0	39,79589770540304	-4,093788801733869
0.0	39,79226760504093	-4,088729551279245
0.0	39,7960843532083	-4,077434461570442
0.0	39,79478265847204	-4,073005292277832
0.0	39,79115196492892	-4,088585502684338
0.0	39,793121868620815	-4,085060977277331
0.0	39,79148414589497	-4,100746888376857
0.0	39,79030277175649	-4,087192322202076
0.0	39,7896957370059	-4,102553377328796
0.0	39,78798931231987	-4,088142292689616
0.0	39,79091039564258	-4,086556751210302
0.0	39,78737147218442	-4,074331490976097
0.0	39,78868654787362	-4,077500992926447
0.0	39,79221557954217	-4,085695520377592
0.0	39,791341077581365	-4,092215746193034
0.0	39,793458214174976	-4,09724479105647
0.0	39,79267659183825	-4,085758239861939
0.0	39,793667111825194	-4,085181501627439
0.0	39,79253492929321	-4,074901381873461
0.0	39,79432389771738	-4,084779882845688
0.0	39,79183449607934	-4,083256285710544
0.0	39,7925697826955	-4,095231610764235
