X,Y, tiempo
0.000000000000000000e+00,0.000000000000000000e+00,1.786000000000000032e+00
0.000000000000000000e+00,0.000000000000000000e+00,1.885999999999999899e+00
0.000000000000000000e+00,0.000000000000000000e+00,2.107000000000000206e+00
0.000000000000000000e+00,0.000000000000000000e+00,2.108000000000000096e+00
0.000000000000000000e+00,0.000000000000000000e+00,2.185999999999999943e+00
0.000000000000000000e+00,0.000000000000000000e+00,2.286999999999999922e+00
0.000000000000000000e+00,0.000000000000000000e+00,2.387000000000000011e+00
0.000000000000000000e+00,0.000000000000000000e+00,2.487000000000000099e+00
0.000000000000000000e+00,0.000000000000000000e+00,2.587000000000000188e+00
0.000000000000000000e+00,0.000000000000000000e+00,2.686999999999999833e+00
0.000000000000000000e+00,0.000000000000000000e+00,2.789000000000000146e+00
0.000000000000000000e+00,0.000000000000000000e+00,2.887999999999999901e+00
0.000000000000000000e+00,0.000000000000000000e+00,2.987999999999999989e+00
0.000000000000000000e+00,0.000000000000000000e+00,3.088000000000000078e+00
0.000000000000000000e+00,0.000000000000000000e+00,3.188000000000000167e+00
0.000000000000000000e+00,0.000000000000000000e+00,3.287999999999999812e+00
0.000000000000000000e+00,0.000000000000000000e+00,3.388999999999999790e+00
0.000000000000000000e+00,0.000000000000000000e+00,3.488999999999999879e+00
0.000000000000000000e+00,0.000000000000000000e+00,3.588999999999999968e+00
0.000000000000000000e+00,0.000000000000000000e+00,3.689000000000000057e+00
0.000000000000000000e+00,0.000000000000000000e+00,3.789000000000000146e+00
0.000000000000000000e+00,0.000000000000000000e+00,3.890000000000000124e+00
0.000000000000000000e+00,0.000000000000000000e+00,3.990000000000000213e+00
0.000000000000000000e+00,0.000000000000000000e+00,4.089999999999999858e+00
0.000000000000000000e+00,0.000000000000000000e+00,4.190000000000000391e+00
0.000000000000000000e+00,0.000000000000000000e+00,4.290000000000000036e+00
0.000000000000000000e+00,0.000000000000000000e+00,4.389999999999999680e+00
0.000000000000000000e+00,0.000000000000000000e+00,4.490999999999999659e+00
0.000000000000000000e+00,0.000000000000000000e+00,4.591000000000000192e+00
0.000000000000000000e+00,0.000000000000000000e+00,4.690999999999999837e+00
0.000000000000000000e+00,0.000000000000000000e+00,4.791000000000000369e+00
0.000000000000000000e+00,0.000000000000000000e+00,4.891000000000000014e+00
0.000000000000000000e+00,0.000000000000000000e+00,4.991999999999999993e+00
0.000000000000000000e+00,0.000000000000000000e+00,5.091999999999999638e+00
0.000000000000000000e+00,0.000000000000000000e+00,5.192000000000000171e+00
0.000000000000000000e+00,0.000000000000000000e+00,5.291999999999999815e+00
0.000000000000000000e+00,0.000000000000000000e+00,5.392000000000000348e+00
0.000000000000000000e+00,0.000000000000000000e+00,5.493000000000000327e+00
0.000000000000000000e+00,0.000000000000000000e+00,5.592999999999999972e+00
0.000000000000000000e+00,0.000000000000000000e+00,5.692999999999999616e+00
0.000000000000000000e+00,0.000000000000000000e+00,5.793000000000000149e+00
0.000000000000000000e+00,0.000000000000000000e+00,5.892999999999999794e+00
0.000000000000000000e+00,0.000000000000000000e+00,5.993000000000000327e+00
0.000000000000000000e+00,0.000000000000000000e+00,6.092999999999999972e+00
0.000000000000000000e+00,0.000000000000000000e+00,6.192999999999999616e+00
0.000000000000000000e+00,0.000000000000000000e+00,6.293000000000000149e+00
0.000000000000000000e+00,0.000000000000000000e+00,6.394000000000000128e+00
0.000000000000000000e+00,0.000000000000000000e+00,6.493999999999999773e+00
0.000000000000000000e+00,0.000000000000000000e+00,6.594000000000000306e+00
0.000000000000000000e+00,0.000000000000000000e+00,6.693999999999999950e+00
0.000000000000000000e+00,0.000000000000000000e+00,6.793999999999999595e+00
0.000000000000000000e+00,0.000000000000000000e+00,6.894000000000000128e+00
0.000000000000000000e+00,0.000000000000000000e+00,6.993999999999999773e+00
0.000000000000000000e+00,0.000000000000000000e+00,7.094000000000000306e+00
0.000000000000000000e+00,0.000000000000000000e+00,7.195000000000000284e+00
0.000000000000000000e+00,0.000000000000000000e+00,7.294999999999999929e+00
0.000000000000000000e+00,0.000000000000000000e+00,7.394999999999999574e+00
0.000000000000000000e+00,0.000000000000000000e+00,7.495000000000000107e+00
0.000000000000000000e+00,0.000000000000000000e+00,7.594999999999999751e+00
0.000000000000000000e+00,0.000000000000000000e+00,7.695000000000000284e+00
0.000000000000000000e+00,0.000000000000000000e+00,7.796000000000000263e+00
0.000000000000000000e+00,0.000000000000000000e+00,7.895999999999999908e+00
0.000000000000000000e+00,0.000000000000000000e+00,7.996000000000000441e+00
0.000000000000000000e+00,0.000000000000000000e+00,8.096000000000000085e+00
0.000000000000000000e+00,0.000000000000000000e+00,8.195999999999999730e+00
0.000000000000000000e+00,0.000000000000000000e+00,8.297000000000000597e+00
0.000000000000000000e+00,0.000000000000000000e+00,8.397000000000000242e+00
0.000000000000000000e+00,0.000000000000000000e+00,8.496999999999999886e+00
0.000000000000000000e+00,0.000000000000000000e+00,8.596999999999999531e+00
0.000000000000000000e+00,0.000000000000000000e+00,8.696999999999999176e+00
0.000000000000000000e+00,0.000000000000000000e+00,8.797000000000000597e+00
0.000000000000000000e+00,0.000000000000000000e+00,8.897000000000000242e+00
0.000000000000000000e+00,0.000000000000000000e+00,8.997999999999999332e+00
0.000000000000000000e+00,0.000000000000000000e+00,9.098000000000000753e+00
0.000000000000000000e+00,0.000000000000000000e+00,9.198000000000000398e+00
0.000000000000000000e+00,0.000000000000000000e+00,9.298000000000000043e+00
0.000000000000000000e+00,0.000000000000000000e+00,9.397999999999999687e+00
0.000000000000000000e+00,0.000000000000000000e+00,9.497999999999999332e+00
0.000000000000000000e+00,0.000000000000000000e+00,9.599000000000000199e+00
0.000000000000000000e+00,0.000000000000000000e+00,9.698999999999999844e+00
0.000000000000000000e+00,0.000000000000000000e+00,9.798999999999999488e+00
0.000000000000000000e+00,0.000000000000000000e+00,9.898999999999999133e+00
0.000000000000000000e+00,0.000000000000000000e+00,9.999000000000000554e+00
0.000000000000000000e+00,0.000000000000000000e+00,1.009900000000000020e+01
0.000000000000000000e+00,0.000000000000000000e+00,1.019999999999999929e+01
0.000000000000000000e+00,0.000000000000000000e+00,1.030000000000000071e+01
0.000000000000000000e+00,0.000000000000000000e+00,1.040000000000000036e+01
0.000000000000000000e+00,0.000000000000000000e+00,1.050000000000000000e+01
0.000000000000000000e+00,0.000000000000000000e+00,1.059999999999999964e+01
0.000000000000000000e+00,0.000000000000000000e+00,1.069999999999999929e+01
0.000000000000000000e+00,0.000000000000000000e+00,1.080100000000000016e+01
0.000000000000000000e+00,0.000000000000000000e+00,1.090099999999999980e+01
0.000000000000000000e+00,0.000000000000000000e+00,1.100099999999999945e+01
0.000000000000000000e+00,0.000000000000000000e+00,1.110100000000000087e+01
0.000000000000000000e+00,0.000000000000000000e+00,1.120100000000000051e+01
0.000000000000000000e+00,0.000000000000000000e+00,1.130100000000000016e+01
0.000000000000000000e+00,0.000000000000000000e+00,1.140099999999999980e+01
0.000000000000000000e+00,0.000000000000000000e+00,1.150099999999999945e+01
0.000000000000000000e+00,0.000000000000000000e+00,1.160200000000000031e+01
0.000000000000000000e+00,0.000000000000000000e+00,1.170199999999999996e+01
0.000000000000000000e+00,0.000000000000000000e+00,1.180199999999999960e+01
0.000000000000000000e+00,0.000000000000000000e+00,1.190199999999999925e+01
0.000000000000000000e+00,0.000000000000000000e+00,1.200200000000000067e+01
0.000000000000000000e+00,0.000000000000000000e+00,1.210299999999999976e+01
0.000000000000000000e+00,0.000000000000000000e+00,1.220299999999999940e+01
0.000000000000000000e+00,0.000000000000000000e+00,1.230300000000000082e+01
0.000000000000000000e+00,0.000000000000000000e+00,1.240300000000000047e+01
0.000000000000000000e+00,0.000000000000000000e+00,1.250300000000000011e+01
0.000000000000000000e+00,0.000000000000000000e+00,1.260299999999999976e+01
0.000000000000000000e+00,0.000000000000000000e+00,1.270400000000000063e+01
0.000000000000000000e+00,0.000000000000000000e+00,1.280400000000000027e+01
0.000000000000000000e+00,0.000000000000000000e+00,1.290399999999999991e+01
0.000000000000000000e+00,0.000000000000000000e+00,1.300399999999999956e+01
0.000000000000000000e+00,0.000000000000000000e+00,1.310399999999999920e+01
0.000000000000000000e+00,0.000000000000000000e+00,1.320400000000000063e+01
0.000000000000000000e+00,0.000000000000000000e+00,1.330499999999999972e+01
0.000000000000000000e+00,0.000000000000000000e+00,1.340499999999999936e+01
0.000000000000000000e+00,0.000000000000000000e+00,1.350500000000000078e+01
0.000000000000000000e+00,0.000000000000000000e+00,1.360500000000000043e+01
0.000000000000000000e+00,0.000000000000000000e+00,1.370500000000000007e+01
0.000000000000000000e+00,0.000000000000000000e+00,1.380499999999999972e+01
0.000000000000000000e+00,0.000000000000000000e+00,1.390600000000000058e+01
0.000000000000000000e+00,0.000000000000000000e+00,1.400600000000000023e+01
0.000000000000000000e+00,0.000000000000000000e+00,1.410599999999999987e+01
0.000000000000000000e+00,0.000000000000000000e+00,1.420599999999999952e+01
0.000000000000000000e+00,0.000000000000000000e+00,1.430599999999999916e+01
0.000000000000000000e+00,0.000000000000000000e+00,1.440600000000000058e+01
0.000000000000000000e+00,0.000000000000000000e+00,1.450699999999999967e+01
3.229999999999999907e-04,6.179999999999999513e-04,1.460699999999999932e+01
8.909999999999999734e-04,1.704999999999999918e-03,1.470700000000000074e+01
2.286999999999999970e-03,4.377999999999999947e-03,1.480700000000000038e+01
3.478999999999999888e-03,6.660000000000000121e-03,1.490700000000000003e+01
4.884000000000000320e-03,9.348000000000000406e-03,1.500799999999999912e+01
7.355999999999999692e-03,1.408200000000000077e-02,1.510800000000000054e+01
9.228999999999999357e-03,1.766600000000000115e-02,1.520800000000000018e+01
1.234200000000000054e-02,2.362600000000000117e-02,1.530799999999999983e+01
1.460400000000000066e-02,2.795500000000000068e-02,1.540799999999999947e+01
1.825099999999999986e-02,3.493700000000000278e-02,1.550799999999999912e+01
2.083799999999999888e-02,3.988900000000000085e-02,1.560899999999999999e+01
2.493199999999999930e-02,4.772499999999999659e-02,1.570899999999999963e+01
2.779200000000000073e-02,5.319999999999999729e-02,1.580899999999999928e+01
3.226099999999999801e-02,6.175499999999999740e-02,1.590900000000000070e+01
3.534999999999999948e-02,6.766900000000000692e-02,1.600900000000000034e+01
4.033899999999999986e-02,7.721899999999999598e-02,1.610900000000000176e+01
4.362699999999999911e-02,8.351300000000000390e-02,1.620899999999999963e+01
4.868800000000000211e-02,9.320100000000000606e-02,1.630999999999999872e+01
5.214099999999999985e-02,9.981099999999999695e-02,1.641000000000000014e+01
5.742900000000000088e-02,1.099370000000000069e-01,1.651000000000000156e+01
6.101999999999999785e-02,1.168190000000000062e-01,1.664099999999999824e+01
6.649599999999999955e-02,1.273259999999999947e-01,1.671000000000000085e+01
7.019999999999999851e-02,1.344460000000000099e-01,1.680999999999999872e+01
7.582600000000000451e-02,1.452890000000000015e-01,1.691000000000000014e+01
7.961799999999999433e-02,1.526210000000000067e-01,1.701000000000000156e+01
8.536000000000000532e-02,1.637659999999999949e-01,1.711100000000000065e+01
8.921900000000000663e-02,1.712899999999999978e-01,1.721099999999999852e+01
9.504200000000000148e-02,1.827110000000000123e-01,1.731099999999999994e+01
9.894500000000000517e-02,1.904119999999999979e-01,1.741100000000000136e+01
1.050640000000000046e-01,2.025790000000000091e-01,1.751099999999999923e+01
1.089900000000000035e-01,2.104499999999999982e-01,1.761100000000000065e+01
1.148850000000000010e-01,2.223759999999999903e-01,1.771099999999999852e+01
1.188140000000000029e-01,2.304039999999999977e-01,1.781099999999999994e+01
1.246990000000000043e-01,2.425609999999999988e-01,1.791199999999999903e+01
1.286130000000000051e-01,2.507400000000000184e-01,1.801200000000000045e+01
1.344609999999999972e-01,2.631209999999999938e-01,1.811199999999999832e+01
1.383409999999999918e-01,2.714489999999999958e-01,1.821199999999999974e+01
1.441250000000000031e-01,2.840500000000000247e-01,1.831200000000000117e+01
1.479530000000000012e-01,2.925240000000000062e-01,1.841199999999999903e+01
1.536460000000000048e-01,3.053420000000000023e-01,1.851300000000000168e+01
1.574039999999999884e-01,3.139600000000000168e-01,1.861299999999999955e+01
1.629780000000000117e-01,3.269929999999999781e-01,1.871300000000000097e+01
1.666469999999999896e-01,3.357539999999999969e-01,1.881299999999999883e+01
1.720740000000000047e-01,3.490030000000000077e-01,1.891300000000000026e+01
1.758570000000000133e-01,3.584649999999999781e-01,1.901300000000000168e+01
1.811039999999999872e-01,3.719330000000000136e-01,1.911400000000000077e+01
1.845360000000000056e-01,3.809839999999999893e-01,1.921399999999999864e+01
1.895769999999999955e-01,3.946669999999999900e-01,1.931400000000000006e+01
1.928610000000000047e-01,4.038599999999999968e-01,1.941400000000000148e+01
1.976650000000000074e-01,4.177569999999999895e-01,1.951399999999999935e+01
2.007799999999999863e-01,4.270939999999999737e-01,1.961400000000000077e+01
2.053139999999999965e-01,4.412050000000000138e-01,1.971399999999999864e+01
2.082380000000000064e-01,4.506830000000000003e-01,1.981400000000000006e+01
2.124659999999999882e-01,4.650070000000000037e-01,1.991499999999999915e+01
2.151750000000000052e-01,4.746259999999999923e-01,2.001500000000000057e+01
2.190620000000000067e-01,4.891590000000000105e-01,2.011499999999999844e+01
2.215300000000000047e-01,4.989169999999999994e-01,2.021499999999999986e+01
2.250360000000000138e-01,5.136549999999999727e-01,2.031500000000000128e+01
2.273709999999999898e-01,5.241670000000000496e-01,2.041600000000000037e+01
2.304430000000000089e-01,5.391080000000000316e-01,2.051599999999999824e+01
2.323399999999999910e-01,5.491319999999999535e-01,2.061599999999999966e+01
2.349449999999999872e-01,5.642599999999999838e-01,2.071600000000000108e+01
2.365140000000000020e-01,5.744059999999999722e-01,2.081599999999999895e+01
2.386050000000000115e-01,5.897090000000000387e-01,2.091600000000000037e+01
2.398160000000000014e-01,5.999649999999999705e-01,2.101699999999999946e+01
2.413430000000000020e-01,6.154260000000000286e-01,2.111700000000000088e+01
2.421609999999999874e-01,6.257800000000000029e-01,2.121699999999999875e+01
2.430740000000000123e-01,6.413759999999999462e-01,2.131700000000000017e+01
2.434649999999999870e-01,6.518110000000000293e-01,2.141700000000000159e+01
2.437100000000000100e-01,6.675140000000000517e-01,2.151699999999999946e+01
2.436260000000000092e-01,6.786659999999999915e-01,2.164799999999999969e+01
2.431310000000000138e-01,6.944420000000000037e-01,2.171699999999999875e+01
2.425450000000000106e-01,7.049729999999999608e-01,2.181700000000000017e+01
2.412710000000000132e-01,7.207780000000000298e-01,2.191799999999999926e+01
2.401490000000000014e-01,7.313119999999999621e-01,2.201800000000000068e+01
2.380420000000000036e-01,7.470959999999999823e-01,2.211799999999999855e+01
2.363470000000000015e-01,7.575969999999999649e-01,2.221799999999999997e+01
2.333540000000000059e-01,7.732989999999999586e-01,2.231800000000000139e+01
2.310520000000000074e-01,7.837239999999999762e-01,2.241799999999999926e+01
2.271239999999999926e-01,7.992770000000000152e-01,2.251800000000000068e+01
2.241819999999999924e-01,8.095759999999999623e-01,2.261899999999999977e+01
2.192729999999999957e-01,8.249009999999999954e-01,2.271900000000000119e+01
2.156639999999999946e-01,8.350199999999999845e-01,2.281899999999999906e+01
2.097370000000000068e-01,8.500269999999999770e-01,2.291900000000000048e+01
2.051610000000000100e-01,8.605169999999999764e-01,2.301899999999999835e+01
1.981600000000000028e-01,8.750980000000000425e-01,2.311899999999999977e+01
1.931380000000000041e-01,8.846549999999999692e-01,2.321999999999999886e+01
1.850710000000000133e-01,8.987129999999999841e-01,2.332000000000000028e+01
1.793359999999999954e-01,9.078829999999999956e-01,2.342000000000000171e+01
1.701979999999999882e-01,9.213059999999999583e-01,2.351999999999999957e+01
1.637520000000000087e-01,9.300129999999999786e-01,2.362000000000000099e+01
1.535549999999999971e-01,9.426809999999999912e-01,2.371999999999999886e+01
1.464090000000000114e-01,9.508459999999999690e-01,2.382100000000000151e+01
1.351799999999999946e-01,9.626409999999999689e-01,2.392099999999999937e+01
1.273610000000000020e-01,9.701840000000000463e-01,2.402100000000000080e+01
1.192809999999999981e-01,9.774559999999999915e-01,2.412099999999999866e+01
1.061499999999999944e-01,9.882480000000000153e-01,2.422100000000000009e+01
9.743499999999999384e-02,9.947719999999999896e-01,2.432100000000000151e+01
8.392600000000000060e-02,1.003967999999999972e+00,2.442200000000000060e+01
7.464400000000000202e-02,1.009689999999999976e+00,2.452199999999999847e+01
6.033100000000000268e-02,1.017635000000000067e+00,2.462199999999999989e+01
5.054399999999999865e-02,1.022491999999999956e+00,2.472200000000000131e+01
3.552799999999999708e-02,1.029099999999999904e+00,2.482199999999999918e+01
2.530900000000000163e-02,1.033042000000000016e+00,2.492200000000000060e+01
9.702000000000000554e-03,1.038243000000000027e+00,2.502199999999999847e+01
-8.700000000000000051e-04,1.041228000000000042e+00,2.512300000000000111e+01
-1.694700000000000026e-02,1.044972000000000012e+00,2.522299999999999898e+01
-2.779099999999999973e-02,1.046974000000000071e+00,2.532300000000000040e+01
-4.421400000000000330e-02,1.049230000000000107e+00,2.542299999999999827e+01
-5.524699999999999750e-02,1.050235999999999947e+00,2.552299999999999969e+01
-7.258599999999999774e-02,1.051007000000000025e+00,2.562300000000000111e+01
-8.372799999999999687e-02,1.050991999999999926e+00,2.572299999999999898e+01
-1.004749999999999949e-01,1.050227999999999939e+00,2.582300000000000040e+01
-1.116449999999999942e-01,1.049231000000000025e+00,2.592299999999999827e+01
-1.283789999999999931e-01,1.047010999999999914e+00,2.602299999999999969e+01
-1.395059999999999911e-01,1.045056999999999903e+00,2.612399999999999878e+01
-1.561279999999999890e-01,1.041428000000000020e+00,2.622400000000000020e+01
-1.671499999999999930e-01,1.038553000000000059e+00,2.632400000000000162e+01
-1.835729999999999862e-01,1.033574999999999910e+00,2.642399999999999949e+01
-1.944369999999999987e-01,1.029822999999999933e+00,2.652400000000000091e+01
-2.105889999999999984e-01,1.023565999999999976e+00,2.665599999999999881e+01
-2.212520000000000042e-01,1.018987000000000087e+00,2.672500000000000142e+01
-2.377309999999999979e-01,1.011203999999999992e+00,2.682499999999999929e+01
-2.481549999999999867e-01,1.005833999999999895e+00,2.692500000000000071e+01
-2.636029999999999762e-01,9.972339999999999538e-01,2.702499999999999858e+01
-2.737720000000000153e-01,9.911489999999999467e-01,2.712500000000000000e+01
-2.888260000000000272e-01,9.815199999999999481e-01,2.722599999999999909e+01
-2.987279999999999935e-01,9.747780000000000333e-01,2.732499999999999929e+01
-3.133759999999999879e-01,9.642060000000000075e-01,2.742599999999999838e+01
-3.230060000000000153e-01,9.568640000000000478e-01,2.752599999999999980e+01
-3.372499999999999942e-01,9.454329999999999679e-01,2.762600000000000122e+01
-3.466119999999999757e-01,9.375470000000000192e-01,2.772599999999999909e+01
-3.604609999999999759e-01,9.253390000000000226e-01,2.782600000000000051e+01
-3.695660000000000056e-01,9.169610000000000261e-01,2.792599999999999838e+01
-3.830379999999999896e-01,9.040529999999999955e-01,2.802700000000000102e+01
-3.919000000000000261e-01,8.952329999999999455e-01,2.812699999999999889e+01
-4.055650000000000088e-01,8.811280000000000223e-01,2.822700000000000031e+01
-4.141980000000000106e-01,8.719029999999999836e-01,2.832700000000000173e+01
-4.269919999999999827e-01,8.577970000000000317e-01,2.842699999999999960e+01
-4.354239999999999777e-01,8.482220000000000315e-01,2.852799999999999869e+01
-4.479339999999999988e-01,8.336209999999999454e-01,2.862800000000000011e+01
-4.561879999999999824e-01,8.237349999999999950e-01,2.872800000000000153e+01
-4.684499999999999775e-01,8.086950000000000527e-01,2.882799999999999940e+01
-4.765510000000000024e-01,7.985349999999999948e-01,2.892800000000000082e+01
-4.886019999999999808e-01,7.831080000000000263e-01,2.902899999999999991e+01
-4.965740000000000154e-01,7.727060000000000040e-01,2.912900000000000134e+01
-5.084499999999999575e-01,7.569399999999999462e-01,2.922899999999999920e+01
-5.163189999999999724e-01,7.463260000000000449e-01,2.932900000000000063e+01
-5.285450000000000426e-01,7.295880000000000143e-01,2.942899999999999849e+01
-5.363310000000000022e-01,7.187839999999999785e-01,2.952899999999999991e+01
-5.479629999999999779e-01,7.024529999999999941e-01,2.962999999999999901e+01
-5.556919999999999638e-01,6.914879999999999916e-01,2.973000000000000043e+01
-5.672530000000000072e-01,6.749300000000000299e-01,2.982999999999999829e+01
-5.749440000000000106e-01,6.638239999999999696e-01,2.992999999999999972e+01
-5.864639999999999853e-01,6.470700000000000340e-01,3.003000000000000114e+01
-5.941370000000000262e-01,6.358420000000000183e-01,3.012999999999999901e+01
-6.056430000000000424e-01,6.189170000000000504e-01,3.023000000000000043e+01
-6.133150000000000546e-01,6.075819999999999554e-01,3.032999999999999829e+01
-6.248299999999999965e-01,5.905089999999999506e-01,3.042999999999999972e+01
-6.325159999999999672e-01,5.790819999999999856e-01,3.053099999999999881e+01
-6.440620000000000234e-01,5.618790000000000173e-01,3.063100000000000023e+01
-6.517739999999999645e-01,5.503719999999999724e-01,3.073100000000000165e+01
-6.638530000000000264e-01,5.323339999999999739e-01,3.083099999999999952e+01
-6.716050000000000075e-01,5.207559999999999967e-01,3.093100000000000094e+01
-6.832660000000000400e-01,5.033400000000000096e-01,3.103099999999999881e+01
-6.910659999999999581e-01,4.917009999999999992e-01,3.113200000000000145e+01
-7.028050000000000130e-01,4.741989999999999816e-01,3.123199999999999932e+01
