X,Y
-1.393000030517578125e+02,-1.531999969482421875e+02
-1.753167383929900325e+02,-1.235575373530448076e+02
-2.074467590614414689e+02,-9.707038602760938772e+01
-2.359184136786570889e+02,-7.360479885899849251e+01
-2.609541251550803054e+02,-5.302721367128303598e+01
-2.827701505523857008e+02,-3.520456397549439487e+01
-3.015763750249632835e+02,-2.000457433990409584e+01
-3.175761380961723717e+02,-7.296037759933454936e+00
-3.309660905597073679e+02,3.050924579623696786e+00
-3.419360803327571148e+02,1.116462074531121118e+01
-3.506690656254253895e+02,1.717156228307635502e+01
-3.573410538300500434e+02,2.119625480850184829e+01
-3.621210645742666543e+02,2.336100452557013796e+01
-3.651711154229441263e+02,2.378574023300545548e+01
-3.666462287562235929e+02,2.258785037100389559e+01
-3.666944583936569302e+02,1.988203465596572528e+01
-3.654569345778882621e+02,1.578016984665337930e+01
-3.630679259750864958e+02,1.039118918196655272e+01
-3.596549173935358681e+02,3.820975028214462554e+00
-3.553387019661669228e+02,-3.827735727660467546e+00
-3.502334865872678051e+02,-1.245543400303930781e+01
-3.444470094381799754e+02,-2.196590902667216483e+01
-3.380806684811344098e+02,-3.226630749073328275e+01
-3.312296598446719713e+02,-4.326718180908303424e+01
-3.239831250680758785e+02,-5.488252794052100114e+01
-3.164243062158677731e+02,-6.702981323273374414e+01
-3.086307079167310121e+02,-7.962999473894477376e+01
-3.006742654239359922e+02,-9.260752845497772512e+01
-2.926215178366160217e+02,-1.058903699195982711e+02
-2.845337856628817690e+02,-1.194099666156269564e+02
-2.764673519467237952e+02,-1.331012426034395446e+02
-2.684736462209999672e+02,-1.469025758121608760e+02
-2.605994305882970252e+02,-1.607557684070854123e+02
-2.528869872702535417e+02,-1.746060106447029625e+02
-2.453743070038675000e+02,-1.884018386191866057e+02
-2.380952777003734582e+02,-2.020950862963024974e+02
-2.310798728185204993e+02,-2.156408322225463507e+02
-2.243543389393242080e+02,-2.289973412888017208e+02
-2.179413820637461185e+02,-2.421260019190896173e+02
-2.118603521881528593e+02,-2.549912590460055242e+02
-2.061274257448149569e+02,-2.675605432252253308e+02
-2.007557855261873669e+02,-2.798041962321192955e+02
-1.957557977421227235e+02,-2.916953934739339616e+02
-1.911351858886372383e+02,-3.032100635413282816e+02
-1.868992011352801228e+02,-3.143268052132489174e+02
-1.830507889655601730e+02,-3.250268022191840487e+02
-1.795907518313233879e+02,-3.352937360528982822e+02
-1.765179076073323756e+02,-3.451136971216383245e+02
-1.738292436567077175e+02,-3.544750945047574646e+02
-1.715200663412381630e+02,-3.633685645855236999e+02
-1.695841458329795444e+02,-3.717868788098247137e+02
-1.680138561049104169e+02,-3.797248508152938484e+02
-1.668003099988377471e+02,-3.871792431643208943e+02
-1.659334892881761618e+02,-3.941486739043658076e+02
-1.654023696716836866e+02,-4.006335231689399734e+02
-1.651950406517989620e+02,-4.066358400227672405e+02
-1.652988202677993002e+02,-4.121592497447120991e+02
-1.657003646697040153e+02,-4.172088617323361746e+02
-1.663857725336486340e+02,-4.217911782023040246e+02
-1.673406843333521010e+02,-4.259140038512671822e+02
-1.685503764953918733e+02,-4.295863566325277816e+02
-1.699998504781950714e+02,-4.328183797944278695e+02
-1.716739168260694726e+02,-4.356212553173308493e+02
-1.735572742602076346e+02,-4.380071188770790513e+02
-1.756345838784096429e+02,-4.399889764539685757e+02
-1.778905385443678426e+02,-4.415806226977024380e+02
-1.803099275556790246e+02,-4.427965611502585830e+02
-1.828776966873899426e+02,-4.436519264203567445e+02
-1.855790037148294402e+02,-4.441624083951253965e+02
-1.883992695257474566e+02,-4.443441785666279316e+02
-1.913242249374423523e+02,-4.442138185432809223e+02
-1.943399533395570984e+02,-4.437882508086349844e+02
-1.974329292876621480e+02,-4.430846717827384964e+02
-2.005900531765989570e+02,-4.421204872342311774e+02
-2.037986821258456871e+02,-4.409132500844116294e+02
-2.070466572119798627e+02,-4.394806006379562859e+02
-2.103223271855513588e+02,-4.378402092684521563e+02
-2.136145688115094572e+02,-4.360097215807751354e+02
-2.169128039736351070e+02,-4.340067060662893255e+02
-2.202070136843699686e+02,-4.318486042611632456e+02
-2.234877491418931470e+02,-4.295526834124854645e+02
-2.267461399764114560e+02,-4.271359916515843906e+02
-2.299738998273642778e+02,-4.246153156688699823e+02
-2.331633293925964665e+02,-4.220071408795978982e+02
-2.363073170896483077e+02,-4.193276140653793504e+02
-2.393993374680137265e+02,-4.165925084717678715e+02
-2.424334475096952985e+02,-4.138171913380700744e+02
-2.454042809535727940e+02,-4.110165938315518588e+02
-2.483070407770121619e+02,-4.082051833543801536e+02
-2.511374899658889319e+02,-4.053969381881549907e+02
-2.538919407016506682e+02,-4.026053244374575684e+02
-2.565672420913601854e+02,-3.998432752307407441e+02
-2.591607665637747004e+02,-3.971231721339368050e+02
-2.616703950514524308e+02,-3.944568287293902813e+02
-2.640945010757203022e+02,-3.918554763102466154e+02
-2.664319338479691055e+02,-3.893297516380083039e+02
-2.686820004973375262e+02,-3.868896867088686236e+02
-2.708444475312869031e+02,-3.845447004724489375e+02
-2.729194416319277252e+02,-3.823035924447586922e+02
-2.749075498872957155e+02,-3.801745381556549432e+02
-2.768097195529575743e+02,-3.781650863695771818e+02
-2.786272574355478469e+02,-3.762821580171275855e+02
-2.803618089859766087e+02,-3.745320467739605306e+02
-2.820153371861482015e+02,-3.729204212224886419e+02
-2.835901013091822733e+02,-3.714523285312050120e+02
-2.850886356291759967e+02,-3.701321995857304046e+02
-2.865137281526897368e+02,-3.689638555052690663e+02
-2.878683994402458097e+02,-3.679505154778232736e+02
-2.891558815822459678e+02,-3.670948058472858406e+02
-2.903795973899397040e+02,-3.663987703855513018e+02
-2.915431398582264251e+02,-3.658638816827781852e+02
-2.926502519533620443e+02,-3.654910535891733048e+02
-2.937048067749527149e+02,-3.652806546419900542e+02
-2.947107881379429273e+02,-3.652325224118036431e+02
-2.956722716168024476e+02,-3.653459787027520633e+02
-2.965934060905531737e+02,-3.656198455419829543e+02
-2.974783958238849664e+02,-3.660524618943351811e+02
-2.983314831162727501e+02,-3.666417010391157305e+02
-2.991569315476995712e+02,-3.673849885467042213e+02
-2.999590098464867651e+02,-3.682793207938058231e+02
-3.007419764015847932e+02,-3.693212839571756945e+02
-3.015100644387218267e+02,-3.705070734268425099e+02
-3.022674678769219554e+02,-3.718325135810859479e+02
-3.030183278790707391e+02,-3.732930778666791412e+02
-3.037667201075736898e+02,-3.748839091293224328e+02
-3.045166426935097661e+02,-3.765998401405470304e+02
-3.052720049252249623e+02,-3.784354142688604270e+02
-3.060366166599320650e+02,-3.803849062444185734e+02
-3.068141784595719628e+02,-3.824423429680128947e+02
-3.076082724500897712e+02,-3.846015243168391748e+02
-3.084223539011484831e+02,-3.868560439010479968e+02
-3.092597435213872927e+02,-3.891993097267882717e+02
-3.101236204624821653e+02,-3.916245647231319822e+02
-3.110170160234832224e+02,-3.941249070919252517e+02
-3.119428080453345729e+02,-3.966933104414232503e+02
-3.129037159838794651e+02,-3.993226436662137644e+02
-3.139022966482576749e+02,-4.020056905377398380e+02
-3.149409405902800927e+02,-4.047351689714860754e+02
-3.160218691290868946e+02,-4.075037499386091326e+02
-3.171471319943427716e+02,-4.103040759916456182e+02
-3.183186055701135047e+02,-4.131287793756063706e+02
-3.195379917206712435e+02,-4.159704996975749509e+02
-3.208068171786271705e+02,-4.188219011296778831e+02
-3.221264334750039779e+02,-4.216756891219962426e+02
-3.234980173902421825e+02,-4.245246266037798364e+02
-3.249225719045106189e+02,-4.273615496529837401e+02
-3.264009276252141376e+02,-4.301793826158618117e+02
-3.279337446691791342e+02,-4.329711526600415255e+02
-3.295215149766294189e+02,-4.357300037461101851e+02
-3.311645650338541031e+02,-4.384492100044319614e+02
-3.328630589812322000e+02,-4.411221885054657150e+02
-3.346170020831810916e+02,-4.437425114134378532e+02
-3.364262445365542362e+02,-4.463039175147892479e+02
-3.382904855939865456e+02,-4.488003231142607774e+02
-3.402092779788288226e+02,-4.512258322930526901e+02
-3.421820325683702890e+02,-4.535747465248267076e+02
-3.442080233222974925e+02,-4.558415736468028854e+02
-3.462863924335546244e+02,-4.580210361845298053e+02
-3.484161556790488703e+02,-4.601080790302112860e+02
-3.505962079480367493e+02,-4.620978764758277748e+02
-3.528253289263471402e+02,-4.639858386034466093e+02
-3.551021889150757147e+02,-4.657676170363781125e+02
-3.574253547628295564e+02,-4.674391100559755046e+02
-3.597932958910817547e+02,-4.689964670899526595e+02
-3.622043903927914812e+02,-4.704360925792435069e+02
-3.646569311849359565e+02,-4.717546492313646809e+02
-3.671491321962503775e+02,-4.729490606692797314e+02
-3.696791345720733375e+02,-4.740165134856849818e+02
-3.722450128788060510e+02,-4.749544587134844278e+02
-3.748447812912253312e+02,-4.757606127241484728e+02
-3.774763997464912677e+02,-4.764329575663502396e+02
-3.801377800494432222e+02,-4.769697407580920867e+02
-3.828267919144620919e+02,-4.773694745462209994e+02
-3.855412689298768782e+02,-4.776309346478436169e+02
-3.882790144316756482e+02,-4.777531584888593557e+02
-3.910378072739562754e+02,-4.777354429553005843e+02
-3.938154074843153012e+02,-4.775773416737382604e+02
-3.966095617931336506e+02,-4.772786618375012608e+02
-3.994180090264018759e+02,-4.768394605958288821e+02
-4.022384853525413746e+02,-4.762600410235519917e+02
-4.050687293743541773e+02,-4.755409476891716736e+02
-4.079064870579848616e+02,-4.746829618395309467e+02
-4.107495164915278565e+02,-4.736870962195698098e+02
-4.135955924665714178e+02,-4.725545895457980237e+02
-4.164425108767523511e+02,-4.712869006523974349e+02
-4.192880929280411237e+02,-4.698857023289385211e+02
-4.221301891561398065e+02,-4.683528748687785423e+02
-4.249666832471613702e+02,-4.666904993474070125e+02
-4.277954956582393038e+02,-4.649008506498194606e+02
-4.306145870355319403e+02,-4.629863902662087298e+02
-4.334219614276054813e+02,-4.609497588750809882e+02
-4.362156692927845256e+02,-4.587937687328440006e+02
-4.389938102997578540e+02,-4.565213958889142987e+02
-4.417545359211221694e+02,-4.541357722450632082e+02
-4.444960518202703952e+02,-4.516401774777385754e+02
-4.472166200324565466e+02,-4.490380308417869628e+02
-4.499145609413740203e+02,-4.463328828737625713e+02
-4.525882550531854918e+02,-4.435284070128861913e+02
-4.552361445702272817e+02,-4.406283911572274405e+02
-4.578567347672333199e+02,-4.376367291725836139e+02
-4.604485951732403350e+02,-4.345574123710724166e+02
-4.630103605627234060e+02,-4.313945209761063211e+02
-4.655407317600127044e+02,-4.281522155901609494e+02
-4.680384762611978431e+02,-4.248347286811642221e+02
-4.705024286782511354e+02,-4.214463561031141126e+02
-4.729314910102858107e+02,-4.179914486659813520e+02
-4.753246327471644008e+02,-4.144744037695236329e+02
-4.776808908109991876e+02,-4.108996571152416664e+02
-4.799993693412369566e+02,-4.072716745101451465e+02
-4.822792393292963880e+02,-4.035949437755706981e+02
-4.845197381089044484e+02,-3.998739667737737591e+02
-4.867201687084135528e+02,-3.961132515644782757e+02
-4.888798990716076673e+02,-3.923173047031165765e+02
-4.909983611535466821e+02,-3.884906236918852187e+02
-4.930750498981670944e+02,-3.846376895942608485e+02
-4.951095221044280379e+02,-3.807629598230691954e+02
-4.971013951878153989e+02,-3.768708611116119300e+02
-4.990503458441529574e+02,-3.729657826768861923e+02
-5.009561086226091788e+02,-3.690520695833005220e+02
-5.028184744148367145e+02,-3.651340163147709745e+02
-5.046372888671946271e+02,-3.612158605625419341e+02
-5.064124507229071810e+02,-3.573017772354597810e+02
-5.081439101010659556e+02,-3.533958726989585557e+02
-5.098316667192424916e+02,-3.495021792483839249e+02
-5.114757680664341137e+02,-3.456246498217731187e+02
-5.130763075330066840e+02,-3.417671529566678146e+02
-5.146334225041144919e+02,-3.379334679949473070e+02
-5.161472924230705530e+02,-3.341272805392039231e+02
-5.176181368309152049e+02,-3.303521781635878369e+02
-5.190462133883312390e+02,-3.266116463815536690e+02
-5.204318158859255163e+02,-3.229090648724376820e+02
-5.217752722486550283e+02,-3.192477039682371469e+02
-5.230769425401102808e+02,-3.156307214015360501e+02
-5.243372169720921647e+02,-3.120611593149671990e+02
-5.255565139247712523e+02,-3.085419415321524639e+02
-5.267352779825387188e+02,-3.050758710896034245e+02
-5.278739779903751241e+02,-3.016656280285653793e+02
-5.289731051354693818e+02,-2.983137674454033572e+02
-5.300331710584862321e+02,-2.950227177986421907e+02
-5.310547059987345619e+02,-2.917947794703785576e+02
-5.320382569772349370e+02,-2.886321235793781170e+02
-5.329843860214310780e+02,-2.855367910427509059e+02
-5.338936684351236863e+02,-2.825106918827654567e+02
-5.347666911168920478e+02,-2.795556047749485060e+02
-5.356040509300783015e+02,-2.766731768332934394e+02
-5.364063531271685861e+02,-2.738649236280679702e+02
-5.371742098311193558e+02,-2.711322294313587804e+02
-5.379082385760269744e+02,-2.684763476852386930e+02
-5.386090609092062778e+02,-2.658984016870987830e+02
-5.392773010565616687e+02,-2.633993854864439186e+02
-5.399135846529032960e+02,-2.609801649871942573e+02
-5.405185375385515272e+02,-2.586414792492520860e+02
-5.410927846234876597e+02,-2.563839419829405415e+02
-5.416369488199165971e+02,-2.542080432296278047e+02
-5.421516500439923902e+02,-2.521141512217112961e+02
-5.426375042872358563e+02,-2.501025144149476205e+02
-5.430951227578464113e+02,-2.481732636859106549e+02
-5.435251110920888777e+02,-2.463264146872896276e+02
-5.439280686355433545e+02,-2.445618703535272687e+02
-5.443045877939202910e+02,-2.428794235492309781e+02
-5.446552534529463401e+02,-2.412787598526904844e+02
-5.449806424665335953e+02,-2.397594604666984708e+02
-5.452813232124451588e+02,-2.383210052488885822e+02
-5.455578552143155093e+02,-2.369627758536606734e+02
-5.458107888288237746e+02,-2.356840589777803530e+02
-5.460406649966641908e+02,-2.344840497017064820e+02
-5.462480150556953049e+02,-2.333618549186482483e+02
-5.464333606146809643e+02,-2.323164968434302295e+02
-5.465972134857343008e+02,-2.313469165931837210e+02
-5.467400756735376035e+02,-2.304519778319615284e+02
-5.468624394193039961e+02,-2.296304704714116269e+02
-5.469647872972251434e+02,-2.288811144196602640e+02
-5.470475923612195857e+02,-2.282025633706959979e+02
-5.471113183395295891e+02,-2.275934086265519056e+02
-5.471564198747275896e+02,-2.270521829447219488e+02
-5.471833428066217948e+02,-2.265773644033477581e+02
-5.471925244953678202e+02,-2.261673802767853658e+02
-5.471843941822120314e+02,-2.258206109143564504e+02
-5.471593733850704666e+02,-2.255353936151591085e+02
-5.471178763261671065e+02,-2.253100264919781637e+02
-5.470603103890058492e+02,-2.251427723175312110e+02
-5.469870766017025971e+02,-2.250318623463574284e+02
-5.468985701439513605e+02,-2.249755001059333210e+02
-5.467951808746740880e+02,-2.249718651507012055e+02
-5.466772938774699924e+02,-2.250191167729009010e+02
-5.465452900210786993e+02,-2.251153976643396391e+02
-5.463995465318532752e+02,-2.252588375233317493e+02
-5.462404375755298815e+02,-2.254475566013674950e+02
-5.460683348453875396e+02,-2.256796691841854567e+02
-5.458836081540088117e+02,-2.259532870021813835e+02
-5.456866260259599812e+02,-2.262665225653357197e+02
-5.454777562885554971e+02,-2.266174924179851189e+02
-5.452573666581721454e+02,-2.270043203090997110e+02
-5.450258253194291456e+02,-2.274251402738755132e+02
-5.447835014946959973e+02,-2.278780996227217486e+02
-5.445307660015274678e+02,-2.283613618339930440e+02
-5.442679917954981192e+02,-2.288731093469733082e+02
-5.439955544962426757e+02,-2.294115462519674793e+02
-5.437138328943800616e+02,-2.299749008745149581e+02
-5.434232094371681114e+02,-2.305614282510176452e+02
-5.431240706909086384e+02,-2.311694124933507055e+02
-5.428168077779989744e+02,-2.317971690401869012e+02
-5.425018167868996670e+02,-2.324430467931145472e+02
-5.421794991531666028e+02,-2.331054301357885095e+02
-5.418502620098905709e+02,-2.337827408346267930e+02
-5.415145185060567883e+02,-2.344734398198404790e+02
-5.411726880912900697e+02,-2.351760288457468278e+02
-5.408251967657222394e+02,-2.358890520296308750e+02
-5.404724772937472608e+02,-2.366110972686091429e+02
-5.401149693805310790e+02,-2.373407975341797282e+02
-5.397531198103711176e+02,-2.380768320444149992e+02
-5.393873825459427280e+02,-2.388179273139036241e+02
-5.390182187877646811e+02,-2.395628580818425348e+02
-5.386460969932298894e+02,-2.403104481188492230e+02
-5.382714928546647570e+02,-2.410595709132793729e+02
-5.378948892361103162e+02,-2.418091502380799795e+02
-5.375167760684578298e+02,-2.425581605993410506e+02
-5.371376502028666664e+02,-2.433056275679736586e+02
-5.367580152224066978e+02,-2.440506279960909808e+02
-5.363783812119803542e+02,-2.447922901198511454e+02
-5.359992644868057141e+02,-2.455297935507460068e+02
-5.356211872796727675e+02,-2.462623691574133034e+02
-5.352446773874787596e+02,-2.469892988402942251e+02
-5.348702677775509073e+02,-2.477099152015688333e+02
-5.344984961543701729e+02,-2.484236011129573569e+02
-5.341299044875240725e+02,-2.491297891841610692e+02
-5.337650385016403334e+02,-2.498279611347845446e+02
-5.334044471293292418e+02,-2.505176470727830917e+02
-5.330486819281545650e+02,-2.511984246825612956e+02
-5.326982964627458159e+02,-2.518699183259596737e+02
-5.323538456533586896e+02,-2.525317980595297627e+02
-5.320158850921029625e+02,-2.531837785715119651e+02
-5.316849703283153303e+02,-2.538256180421113015e+02
-5.313616561245272578e+02,-2.544571169306989020e+02
-5.310464956845531788e+02,-2.550781166936493776e+02
-5.307400398554030971e+02,-2.556884984366423055e+02
-5.304428363046085906e+02,-2.562881815052371053e+02
-5.301554286747998503e+02,-2.568771220176707288e+02
-5.298783557173114787e+02,-2.574553113438229275e+02
-5.296121504066588841e+02,-2.580227745343379411e+02
-5.293573390378786598e+02,-2.585795687039690733e+02
-5.291144403085912700e+02,-2.591257813731646138e+02
-5.288839643878604875e+02,-2.596615287719955631e+02
-5.286664119738817362e+02,-2.601869541105202188e+02
-5.284622733424894250e+02,-2.607022258196354869e+02
-5.282720273887067606e+02,-2.612075357665624438e+02
-5.280961406633189199e+02,-2.617030974489821347e+02
-5.279350664066853369e+02,-2.621891441719168370e+02
-5.277892435819283037e+02,-2.626659272113874977e+02
-5.276590959095743756e+02,-2.631337139688167781e+02
-5.275450309059295932e+02,-2.635927861201978430e+02
-5.274474389272085091e+02,-2.640434377638900969e+02
-5.273666922216467583e+02,-2.644859735709486586e+02
-5.273031439917243688e+02,-2.649207069417983575e+02
-5.272571274685479921e+02,-2.653479581729661732e+02
-5.272289550006106538e+02,-2.657680526376155399e+02
-5.272189171588854606e+02,-2.661813189834267632e+02
-5.272272818603712494e+02,-2.665880873513933125e+02
-5.272542935121086884e+02,-2.669886876189765417e+02
-5.273001721775632404e+02,-2.673834476709362207e+02
-5.273651127674449981e+02,-2.677726917011619321e+02
-5.274492842567269690e+02,-2.681567385486063131e+02
-5.275528289297877791e+02,-2.685359000704164600e+02
-5.276758616554717491e+02,-2.689104795552192968e+02
-5.278184691937271964e+02,-2.692807701793664705e+02
-5.279807095356330819e+02,-2.696470535089270584e+02
-5.281626112783023927e+02,-2.700095980499801840e+02
-5.283641730362998032e+02,-2.703686578497343476e+02
-5.285853628910532507e+02,-2.707244711508399178e+02
-5.288261178796160493e+02,-2.710772591011032091e+02
-5.290863435242133619e+02,-2.714272245207595802e+02
-5.293659134037726517e+02,-2.717745507292515867e+02
-5.296646687686520636e+02,-2.721194004333704015e+02
-5.299824181997094001e+02,-2.724619146784904160e+02
-5.303189373126654118e+02,-2.728022118644359466e+02
-5.306739685088066381e+02,-2.731403868274667275e+02
-5.310472207728125795e+02,-2.734765099896491733e+02
-5.314383695185110810e+02,-2.738106265767852960e+02
-5.318470564832813352e+02,-2.741427559059434316e+02
-5.322728896716229201e+02,-2.744728907434277403e+02
-5.327154433485030722e+02,-2.748009967339849595e+02
-5.331742580828228029e+02,-2.751270119018121250e+02
-5.336488408413596289e+02,-2.754508462238418929e+02
-5.341386651334537419e+02,-2.757723812756499342e+02
-5.346431712065042348e+02,-2.760914699501279870e+02
-5.351617662924313663e+02,-2.764079362490289782e+02
-5.356938249049887872e+02,-2.767215751472587613e+02
-5.362386891878264805e+02,-2.770321525297101743e+02
-5.367956693131153543e+02,-2.773394052003063734e+02
-5.373640439303444509e+02,-2.776430409627292306e+02
-5.379430606649956417e+02,-2.779427387722799381e+02
-5.385319366665290772e+02,-2.782381489580929497e+02
-5.391298592051344940e+02,-2.785288935148611245e+02
-5.397359863166184368e+02,-2.788145664631081218e+02
-5.403494474946061246e+02,-2.790947342768702697e+02
-5.409693444293274069e+02,-2.793689363776260279e+02
-5.415947517920045584e+02,-2.796366856931099392e+02
-5.422247180638785267e+02,-2.798974692795908368e+02
-5.428582664088409047e+02,-2.801507490060933492e+02
-5.434943955884469915e+02,-2.803959622988781462e+02
-5.441320809182052471e+02,-2.806325229444996694e+02
-5.447702752637677577e+02,-2.808598219495635817e+02
-5.454079100757078322e+02,-2.810772284552787710e+02
-5.460438964614884298e+02,-2.812840907048106374e+02
-5.466771262930615194e+02,-2.814797370613003409e+02
-5.473064733486565956e+02,-2.816634770744379921e+02
-5.479307944870861320e+02,-2.818346025933058172e+02
-5.485489308529151913e+02,-2.819923889231853309e+02
-5.491597091108651512e+02,-2.821360960239886140e+02
-5.497619427075673002e+02,-2.822649697478138364e+02
-5.503544331589993135e+02,-2.823782431131992325e+02
-5.509359713616779572e+02,-2.824751376134935867e+02
-5.515053389257299159e+02,-2.825548645567534436e+02
-5.520613095280050402e+02,-2.826166264345810077e+02
-5.526026502831476819e+02,-2.826596183171656094e+02
-5.531281231307889357e+02,-2.826830292719034219e+02
-5.536364862367656769e+02,-2.826860438028236331e+02
-5.541264954063539108e+02,-2.826678433080789432e+02
-5.545969055075471488e+02,-2.826276075527736111e+02
-5.550464719021929341e+02,-2.825645161542872756e+02
-5.554739518830560883e+02,-2.824777500773736278e+02
-5.558781061146452203e+02,-2.823664931362090442e+02
-5.562577000757286214e+02,-2.822299335006008505e+02
-5.566115055015403641e+02,-2.820672652036183763e+02
-5.569383018234613019e+02,-2.818776896478084950e+02
-5.572368776042478657e+02,-2.816604171073125258e+02
-5.575060319666557689e+02,-2.814146682231040586e+02
-5.577445760134171451e+02,-2.811396754886445137e+02
-5.579513342366240067e+02,-2.808346847233102039e+02
-5.581251459143682041e+02,-2.804989565308833335e+02
-5.582648664927891105e+02,-2.801317677405574500e+02
-5.583693689514863081e+02,-2.797324128278510216e+02
-5.584375451503639169e+02,-2.793002053129059163e+02
-5.584683071560851886e+02,-2.788344791337319180e+02
-5.584605885461692196e+02,-2.783345899919255544e+02
-5.584133456889879881e+02,-2.777999166685395380e+02
-5.583255589978551825e+02,-2.772298623077855382e+02
-5.581962341574343327e+02,-2.766238556663144550e+02
-5.580244033208642804e+02,-2.759813523259450108e+02
-5.578091262758501898e+02,-2.753018358676836783e+02
-5.575494915782205680e+02,-2.745848190050512017e+02
-5.572446176513786895e+02,-2.738298446747493813e+02
-5.568936538501504856e+02,-2.730364870827779669e+02
-5.564957814876863722e+02,-2.722043527042559958e+02
-5.560502148239570488e+02,-2.713330812351862846e+02
-5.555562020146354598e+02,-2.704223464945873729e+02
-5.550130260190998115e+02,-2.694718572754468369e+02
-5.544200054663733681e+02,-2.684813581430419731e+02
-5.537764954779829623e+02,-2.674506301793236389e+02
-5.530818884466108329e+02,-2.663794916720601691e+02
-5.523356147696686094e+02,-2.652677987476255907e+02
-5.515371435368822404e+02,-2.641154459463619446e+02
-5.506859831710523849e+02,-2.629223667395429516e+02
-5.497816820213370193e+02,-2.616885339871186034e+02
-5.488238289082959227e+02,-2.604139603354358883e+02
-5.478120536201985260e+02,-2.590986985543172523e+02
-5.467460273600567007e+02,-2.577428418129308625e+02
-5.456254631429274013e+02,-2.563465238939862161e+02
-5.444501161432152685e+02,-2.549099193459500441e+02
-5.432197839915954773e+02,-2.534332435729837698e+02
-5.419343070214458749e+02,-2.519167528625041257e+02
-5.405935684646360642e+02,-2.503607443503142065e+02
-5.391974945966055657e+02,-2.487655559233498082e+02
-5.377460548308439456e+02,-2.471315660602529078e+02
-5.362392617627842810e+02,-2.454591936099843394e+02
-5.346771711633732593e+02,-2.437488975088830045e+02
-5.330598819225590432e+02,-2.420011764366271336e+02
-5.313875359429912351e+02,-2.402165684116424131e+02
-5.296603179844350962e+02,-2.383956503266637128e+02
-5.278784554592705263e+02,-2.365390374251520598e+02
-5.260422181797058556e+02,-2.346473827194582782e+02
-5.241519180573221774e+02,-2.327213763516699316e+02
-5.222079087555636079e+02,-2.307617448981412167e+02
-5.202105852960565926e+02,-2.287692506188860762e+02
-5.181603836194510677e+02,-2.267446906529806654e+02
-5.160577801017444699e+02,-2.246888961613040863e+02
-5.139032910270382217e+02,-2.226027314179879397e+02
-5.116974720176457936e+02,-2.204870928519900986e+02
-5.094409174227519088e+02,-2.183429080403803084e+02
-5.071342596666017357e+02,-2.161711346548766244e+02
-5.047781685574772155e+02,-2.139727593633442382e+02
-5.023733505586742467e+02,-2.117487966879917849e+02
-4.999205480226785312e+02,-2.095002878220375919e+02
-4.974205383899762296e+02,-2.072282994067681727e+02
-4.948741333537337255e+02,-2.049339222708554189e+02
-4.922821779918252787e+02,-2.026182701339494656e+02
-4.896455498676405114e+02,-2.002824782765759721e+02
-4.869651581010744508e+02,-1.979277021783881594e+02
-4.842419424113248283e+02,-1.955551161269512761e+02
-4.814768721329149912e+02,-1.931659117991731307e+02
-4.786709452065747428e+02,-1.907612968176209733e+02
-4.758251871465735121e+02,-1.883424932839602661e+02
-4.729406499860339750e+02,-1.859107362917590365e+02
-4.700184112019845202e+02,-1.834672724210043100e+02
-4.670595726216653816e+02,-1.810133582166001247e+02
-4.640652593118263098e+02,-1.785502586532231248e+02
-4.610366184526772031e+02,-1.760792455888859251e+02
-4.579748181981076982e+02,-1.736015962095579823e+02
-4.548810465239410519e+02,-1.711185914672532249e+02
-4.517565100658337656e+02,-1.686315145139403455e+02
-4.486024329485289854e+02,-1.661416491336709100e+02
-4.454200556081498803e+02,-1.636502781753096087e+02
-4.422106336091638923e+02,-1.611586819882248278e+02
-4.389754364577158867e+02,-1.586681368633238094e+02
-4.357157464129506934e+02,-1.561799134817659933e+02
-4.324328572979636647e+02,-1.536952753736959210e+02
-4.291280733119903061e+02,-1.512154773893043682e+02
-4.258027078454215939e+02,-1.487417641845034382e+02
-4.224580822992215303e+02,-1.462753687234765891e+02
-4.190955249102785842e+02,-1.438175108003295293e+02
-4.157163695842125435e+02,-1.413693955820325812e+02
-4.123219547371153340e+02,-1.389322121748125198e+02
-4.089136221476746300e+02,-1.365071322161006151e+02
-4.054927158210984430e+02,-1.340953084941084796e+02
-4.020605808662142522e+02,-1.316978735970510286e+02
-3.986185623870790096e+02,-1.293159385939835602e+02
-3.951680043904009949e+02,-1.269505917491712665e+02
-3.917102487100148096e+02,-1.246028972718453076e+02
-3.882466339496278351e+02,-1.222738941031511644e+02
-3.847784944449879276e+02,-1.199645947420202816e+02
-3.813071592465873891e+02,-1.176759841116427907e+02
-3.778339511239611852e+02,-1.154090184681460869e+02
-3.743601855925859923e+02,-1.131646243530138491e+02
-3.708871699643380566e+02,-1.109436975907147769e+02
-3.674162024224071388e+02,-1.087471023329310498e+02
-3.639485711215104971e+02,-1.065756701507031323e+02
-3.604855533141994783e+02,-1.044301991757320138e+02
-3.570284145039790928e+02,-1.023114532919949937e+02
-3.535784076259250810e+02,-1.002201613787603947e+02
-3.501367722554008424e+02,-9.815701660599484057e+01
-3.467047338454319743e+02,-9.612267578307782401e+01
-3.432835029932326165e+02,-9.411775876165624766e+01
-3.398742747363106105e+02,-9.214284789337683890e+01
-3.364782278785298786e+02,-9.019848754316022621e+01
-3.330965243464384002e+02,-8.828518365858330696e+01
-3.297303085761102466e+02,-8.640340339585056029e+01
-3.263807069306974995e+02,-8.455357480275210946e+01
-3.230488271488116538e+02,-8.273608655890615182e+01
-3.197357578238163001e+02,-8.095128777350690541e+01
-3.164425679140301781e+02,-7.919948784070035686e+01
-3.131703062837988227e+02,-7.748095635262455971e+01
-3.099200012753256601e+02,-7.579592307006312524e+01
-3.066926603110938458e+02,-7.414457795056603118e+01
-3.034892695266659643e+02,-7.252707123381404131e+01
-3.003107934335783966e+02,-7.094351358390197504e+01
-2.971581746120024263e+02,-6.939397628814043628e+01
-2.940323334327902671e+02,-6.787849151188217434e+01
-2.909341678084636555e+02,-6.639705260879537718e+01
-2.878645529726699692e+02,-6.494961448592570719e+01
-2.848243412875613103e+02,-6.353609402279936091e+01
-2.818143620785243115e+02,-6.215637054374477088e+01
-2.788354214956244164e+02,-6.081028634252180609e+01
-2.758883024011030898e+02,-5.949764725827981238e+01
-2.729737642822134944e+02,-5.821822330177771221e+01
-2.700925431886388992e+02,-5.697174933073176106e+01
-2.672453516937135305e+02,-5.575792577308124010e+01
-2.644328788786113478e+02,-5.457641939688806332e+01
-2.616557903386549242e+02,-5.342686412552507136e+01
-2.589147282108487502e+02,-5.230886189673143605e+01
-2.562103112217229182e+02,-5.122198356405716169e+01
-2.535431347545442406e+02,-5.016576983915239651e+01
-2.509137709349232068e+02,-4.913973227329835680e+01
-2.483227687338339820e+02,-4.814335427652286370e+01
-2.457706540870349841e+02,-4.717609217258524268e+01
-2.432579300298673957e+02,-4.623737628806628663e+01
-2.407850768463954410e+02,-4.532661207375220869e+01
-2.383525522318355740e+02,-4.444318125645053641e+01
-2.359607914672207016e+02,-4.358644301934138099e+01
-2.336102076052345637e+02,-4.275573520892032775e+01
-2.313011916661483554e+02,-4.195037556655804423e+01
-2.290341128427950537e+02,-4.116966298266643776e+01
-2.268093187135115443e+02,-4.041287877143066964e+01
-2.246271354619930491e+02,-3.967928796404238057e+01
-2.224878681030034784e+02,-3.896814061834256648e+01
-2.203918007128983447e+02,-3.827867314276511479e+01
-2.183391966639318582e+02,-3.761010963245356464e+01
-2.163302988613281457e+02,-3.696166321541129207e+01
-2.143653299821241376e+02,-3.633253740653482566e+01
-2.124444927148020383e+02,-3.572192746737410118e+01
-2.105679699987578886e+02,-3.512902176945812727e+01
-2.087359252626778243e+02,-3.455300315902786679e+01
-2.069485026609143574e+02,-3.399305032101858615e+01
-2.052058273069972358e+02,-3.344833914014365917e+01
-2.035080055034308657e+02,-3.291804405693889635e+01
-2.018551249669770300e+02,-3.240133941664392836e+01
-2.002472550486496061e+02,-3.189740080881068351e+01
-1.986844469476896222e+02,-3.140540639555117863e+01
-1.971667339188294363e+02,-3.092453822635953031e+01
-1.956941314721973413e+02,-3.045398353747129505e+01
-1.942666375652538306e+02,-2.999293603375000927e+01
-1.928842327862031993e+02,-2.954059715112746076e+01
-1.915468805283638289e+02,-2.909617729765764693e+01
-1.902545271550353903e+02,-2.865889707128493313e+01
-1.890071021544477787e+02,-2.822798845246726174e+01
-1.878045182844282408e+02,-2.780269596984320657e+01
-1.866466717064768659e+02,-2.738227783717517028e+01
-1.855334421089919203e+02,-2.696600705985481028e+01
-1.844646928194445934e+02,-2.655317250930880135e+01
-1.834402709053524347e+02,-2.614307996369751663e+01
-1.824600072639627797e+02,-2.573505311335902235e+01
-1.815237167006088725e+02,-2.532843452951000884e+01
-1.806311979957592371e+02,-2.492258659477772653e+01
-1.797822339608425182e+02,-2.451689239420402089e+01
-1.789765914829792450e+02,-2.411075656542612577e+01
-1.782140215588156309e+02,-2.370360610681077418e+01
-1.774942593177108847e+02,-2.329489114238777603e+01
-1.768170240345806121e+02,-2.288408564250029187e+01
-1.761820191327654754e+02,-2.247068809916702037e+01
-1.755889321773399843e+02,-2.205422215522218465e+01
-1.750374348593394416e+02,-2.163423718638083315e+01
-1.745271829714312730e+02,-2.121030883545145684e+01
-1.740578163756169374e+02,-2.078203949800067818e+01
-1.736289589635970856e+02,-2.034905875885247895e+01
-1.732402186104878297e+02,-1.991102377888764963e+01
-1.728911871226249559e+02,-1.946761963169052834e+01
-1.725814401802394684e+02,-1.901855958967218641e+01
-1.723105372758387261e+02,-1.856358535938415244e+01
-1.720780216491677947e+02,-1.810246726581908305e+01
-1.718834202196729279e+02,-1.763500438557827721e+01
-1.717262435174266955e+02,-1.716102462887171143e+01
-1.716059856135180439e+02,-1.668038477039785761e+01
-1.715221240509407039e+02,-1.619297042923634677e+01
-1.714741197770566714e+02,-1.569869599796885673e+01
-1.714614170787332910e+02,-1.519750452132660179e+01
-1.714834435212929122e+02,-1.468936752474648344e+01
-1.715396098924302066e+02,-1.417428479329719870e+01
-1.716293101522852567e+02,-1.365228410152145244e+01
-1.717519213908753386e+02,-1.312342089481577467e+01
-1.719068037941097771e+02,-1.258777792305281906e+01
-1.720933006196273141e+02,-1.204546482722583534e+01
-1.723107381837040464e+02,-1.149661767997107908e+01
-1.725584258604943102e+02,-1.094139848090313372e+01
-1.728356560948666356e+02,-1.037999460776454086e+01
-1.731417044301031751e+02,-9.812618224470170958e+00
-1.734758295517274291e+02,-9.239505647190807025e+00
-1.738372733487214816e+02,-8.660916669691610892e+00
-1.742252609933843246e+02,-8.077133849206289185e+00
-1.746390010410727314e+02,-7.488461754191424014e+00
-1.750776855510496262e+02,-6.895226175366480525e+00
-1.755404902296455418e+02,-6.297773301506171428e+00
-1.760265745969173850e+02,-5.696468861505143089e+00
-1.765350821779613568e+02,-5.091697234294112917e+00
-1.770651407200061840e+02,-4.483860528233039489e+00
-1.776158624363831677e+02,-3.873377631659998155e+00
-1.781863442784246558e+02,-3.260683236318790978e+00
-1.787756682363117591e+02,-2.646226835430363078e+00
-1.793829016698383612e+02,-2.030471698217916288e+00
-1.800070976700161793e+02,-1.413893822727111615e+00
-1.806472954523920578e+02,-7.969808688224672144e-01
-1.813025207828946463e+02,-1.802310732687538997e-01
-1.819717864369673634e+02,4.358478511643161246e-01
-1.826540926926855946e+02,1.050739830610275760e+00
-1.833484278584889466e+02,1.663921557043104071e+00
-1.840537688360907964e+02,2.274863625240408194e+00
-1.847690817190593009e+02,2.883031677753626898e+00
-1.854933224274860777e+02,3.487887555857171584e+00
-1.862254373790833313e+02,4.088890454437035693e+00
-1.869643641969699672e+02,4.685498078776795694e+00
-1.877090324543255804e+02,5.277167801196543273e+00
-1.884583644560028404e+02,5.863357815502437731e+00
-1.892112760571070851e+02,6.443528287209725036e+00
-1.899666775184540484e+02,7.017142497510715948e+00
-1.907234743987331456e+02,7.583667978971752710e+00
-1.914805684831036672e+02,8.142577640958771568e+00
-1.922368587478572124e+02,8.693350882808340785e+00
-1.929912423606864138e+02,9.235474692786684869e+00
-1.937426157159918887e+02,9.768444730900545991e+00
-1.944898755045719838e+02,1.029176639365523904e+01
-1.952319198169263927e+02,1.080495585888702870e+01
-1.959676492793111322e+02,1.130754110883028218e+01
-1.966959682215772602e+02,1.179906292962090397e+01
-1.974157858757217809e+02,1.227907588547541451e+01
-1.981260176039753560e+02,1.274714926583317620e+01
-1.988255861551513135e+02,1.320286800379273906e+01
-1.995134229478737495e+02,1.364583356422629379e+01
-2.001884693792007397e+02,1.407566480000751952e+01
-2.008496781570583494e+02,1.449199877484363164e+01
-2.014960146547967668e+02,1.489449155126135516e+01
-2.021264582860805774e+02,1.528281894235614935e+01
-2.027400038982304977e+02,1.565667722597853562e+01
-2.033356631820272753e+02,1.601578382009455837e+01
-2.039124660959045059e+02,1.635987791812689807e+01
-2.044694623023520421e+02,1.668872108315198943e+01
-2.050057226142718605e+02,1.700209779989998893e+01
-2.055203404489286640e+02,1.729981598357818129e+01
-2.060124332870611283e+02,1.758170744461370560e+01
-2.064811441346292895e+02,1.784762830848756110e+01
-2.069256429846003016e+02,1.809745938991208902e+01
-2.073451282760927654e+02,1.833110652068089408e+01
-2.077388283481336373e+02,1.854850083060456711e+01
-2.081060028852072321e+02,1.874959898102462219e+01
-2.084459443517172019e+02,1.893438335048278276e+01
-2.087579794124177965e+02,1.910286217220672000e+01
-2.090414703358208044e+02,1.925506962315596837e+01
-2.092958163775289222e+02,1.939106586446020941e+01
-2.095204551404065114e+02,1.951093703316373151e+01
-2.097148639084547312e+02,1.961479518527913157e+01
-2.098785609512264898e+02,1.970277819023655397e+01
-2.100111067955882618e+02,1.977504957690223719e+01
-2.101121054616104402e+02,1.983179833142580151e+01
-2.101812056593562374e+02,1.987323864725934541e+01
-2.102181019433241715e+02,1.989960962777882969e+01
-2.102225358212987771e+02,1.991117494202087457e+01
-2.101942968143658561e+02,1.990822243413149906e+01
-2.101332234648594124e+02,1.989106368720768003e+01
-2.100392042890213702e+02,1.986003354229200468e+01
-2.099121786711835114e+02,1.981548957336248762e+01
-2.097521376963068462e+02,1.975781151923855461e+01
-2.095591249177550992e+02,1.968740067340159072e+01
-2.093332370572242667e+02,1.960467923280405600e+01
-2.090746246338017045e+02,1.951008960681637561e+01
-2.087834925191896787e+02,1.940409368753263308e+01
-2.084601004161973776e+02,1.928717208272599493e+01
-2.081047632576784849e+02,1.915982331281480455e+01
-2.077178515231780978e+02,1.902256297326380619e+01
-2.072997914706428162e+02,1.887592286391070218e+01
-2.068510652806425867e+02,1.872045008676889921e+01
-2.063722111106699231e+02,1.855670611391451530e+01
-2.058638230571820600e+02,1.838526582712388091e+01
-2.053265510231870508e+02,1.820671653097831211e+01
-2.047611004892946198e+02,1.802165694120546746e+01
-2.041682321862945741e+02,1.783069615007137187e+01
-2.035487616674678861e+02,1.763445257068292804e+01
-2.029035587789893782e+02,1.743355286210064037e+01
-2.022335470269339623e+02,1.722863083719888166e+01
-2.015397028395745735e+02,1.702032635524561144e+01
-2.008230547238209169e+02,1.680928420120344313e+01
-2.000846823148367264e+02,1.659615295378211997e+01
-1.993257153180542787e+02,1.638158384429533854e+01
-1.985473323429994252e+02,1.616622960839528034e+01
-1.977507596285365423e+02,1.595074333277528034e+01
-1.969372696593523528e+02,1.573577729894221555e+01
-1.961081796736977481e+02,1.552198182617137867e+01
-1.952648500626334851e+02,1.531000411576017939e+01
-1.944086826612361847e+02,1.510048709869895589e+01
-1.935411189324516386e+02,1.489406828887587864e+01
-1.926636380445089856e+02,1.469137864392516235e+01
-1.917777548430431978e+02,1.449304143581980320e+01
-1.908850177193109232e+02,1.429967113329446704e+01
-1.899870063761233894e+02,1.411187229816841082e+01
-1.890853294933655491e+02,1.393023849761596011e+01
-1.881816222952116391e+02,1.375535123440783458e+01
-1.872775440214028322e+02,1.358777889711708831e+01
-1.863747753051903544e+02,1.342807573225187134e+01
-1.854750154608111643e+02,1.327678084024110916e+01
-1.845799796836016924e+02,1.313441719715884126e+01
-1.836913961661166184e+02,1.300149070403123552e+01
-1.828110031338624708e+02,1.287848926552207374e+01
-1.819405458045111459e+02,1.276588189974441079e+01
-1.810817732747061086e+02,1.266411788089101620e+01
-1.802364353388196605e+02,1.257362591632118942e+01
-1.794062792442619525e+02,1.249481335968122586e+01
-1.785930463881934713e+02,1.242806546157338765e+01
-1.777984689607162920e+02,1.237374465922210653e+01
-1.770242665398655220e+02,1.233218990651895908e+01
-1.762721426439461823e+02,1.230371604575546662e+01
-1.755437812469837979e+02,1.228861322227990804e+01
-1.748408432632778613e+02,1.228714634323802457e+01
-1.741649630072573416e+02,1.229955458147862046e+01
-1.735177446350423054e+02,1.232605092562467419e+01
-1.729007585743117374e+02,1.236682177722787301e+01
-1.723155379492684460e+02,1.242202659583952240e+01
-1.717635750076691181e+02,1.249179759274426438e+01
-1.712463175570589158e+02,1.257623947401535958e+01
-1.707651654175115254e+02,1.267542923346042016e+01
-1.703214668983233366e+02,1.278941599593576584e+01
-1.699165153062487832e+02,1.291822091141563078e+01
-1.695515454929912949e+02,1.306183710010927967e+01
-1.692277304497785053e+02,1.322022964882628315e+01
-1.689461779569489579e+02,1.339333565869427645e+01
-1.687079272965686698e+02,1.358106434424054321e+01
-1.685139460361656347e+02,1.378329718375228374e+01
-1.683651268917307391e+02,1.399988812073646827e+01
-1.682622846781771386e+02,1.423066381620419030e+01
-1.682061533554763457e+02,1.447542395141036131e+01
-1.681973831787022959e+02,1.473394158058495407e+01
-1.682365379602078406e+02,1.500596353309865449e+01
-1.683240924521363979e+02,1.529121086441259258e+01
-1.684604298574316203e+02,1.558937935507061034e+01
-1.686458394774488454e+02,1.590014005690094834e+01
-1.688805145041959861e+02,1.622313988550633823e+01
-1.691645499651361604e+02,1.655800225803235648e+01
-1.694979408283693658e+02,1.690432777511890450e+01
-1.698805802758755306e+02,1.726169494585576913e+01
-1.703122581523510348e+02,1.762966095447979953e+01
-1.707926595969891821e+02,1.800776246747357234e+01
-1.713213638653715520e+02,1.839551647964616166e+01
-1.718978433484109019e+02,1.879242119770301045e+01
-1.725214627950602733e+02,1.919795695974015359e+01
-1.731914787452407722e+02,1.961158718902724374e+01
-1.739070391791665884e+02,2.003275938037970150e+01
-1.746671833889463699e+02,2.046090611735639442e+01
-1.754708420780211213e+02,2.089544611845920841e+01
-1.763168376936608013e+02,2.133578531045678872e+01
-1.772038849973789070e+02,2.178131792689904245e+01
-1.781305918777432566e+02,2.223142762984319631e+01
-1.790954604096624792e+02,2.268548865276553173e+01
-1.800968881637992069e+02,2.314286696259207687e+01
-1.811331697693273668e+02,2.360292143874530169e+01
-1.822024987327801853e+02,2.406500506706963449e+01
-1.833029695152593206e+02,2.452846614647132739e+01
-1.844325798697748269e+02,2.499264950608297298e+01
-1.855892334399639196e+02,2.545689773074310835e+01
-1.867707426209026096e+02,2.592055239256612253e+01
-1.879748316821675189e+02,2.638295528636608367e+01
-1.891991401527337757e+02,2.684344966669170418e+01
-1.904412264667087129e+02,2.730138148422761546e+01
-1.916985718682988136e+02,2.775610061932029993e+01
-1.929685845737849661e+02,2.820696211039246748e+01
-1.942486041876532568e+02,2.865332737502340521e+01
-1.955359063693854011e+02,2.909456542148770808e+01
-1.968277077467498941e+02,2.953005404856628857e+01
-1.981211710707753468e+02,2.995918103146920686e+01
-1.994134106069017207e+02,3.038134529173874654e+01
-2.007014977561258320e+02,3.079595804903708967e+01
-2.019824668992574459e+02,3.120244395276028371e+01
-2.032533214567054074e+02,3.160024219146442448e+01
-2.045110401555073736e+02,3.198880757813688902e+01
-2.057525834946027601e+02,3.236761160939678206e+01
-2.069749003986422338e+02,3.273614349676484636e+01
-2.081749350499097488e+02,3.309391116820269474e+01
-2.093496338872224385e+02,3.344044223818366390e+01
-2.104959527599637283e+02,3.377528494462670494e+01
-2.116108642246949785e+02,3.409800905109278091e+01
-2.126913649710931224e+02,3.440820671271934117e+01
-2.137344833632653831e+02,3.470549330444526248e+01
-2.147372870818057038e+02,3.498950821015807833e+01
-2.156968908512848770e+02,3.525991557148032740e+01
-2.166104642371996079e+02,3.551640499499566772e+01
-2.174752394957603769e+02,3.575869221680594734e+01
-2.182885194592634832e+02,3.598651972339951044e+01
-2.190476854391810662e+02,3.619965732790482349e+01
-2.197502051285023015e+02,3.639790270089778801e+01
-2.203936404842967249e+02,3.658108185502681664e+01
-2.209756555709114139e+02,3.674904958281847911e+01
-2.214940243437013407e+02,3.690168984712402533e+01
-2.219466383526927586e+02,3.703891612376708764e+01
-2.223315143451199845e+02,3.716067169605339160e+01
-2.226468017453424864e+02,3.726692990090280944e+01
-2.228907899902555982e+02,3.735769432646521437e+01
-2.230619156979493027e+02,3.743299896118152503e+01
-2.231587696470481035e+02,3.749290829435122419e+01
-2.231801035438865597e+02,3.753751736836591135e+01
-2.231248365544424246e+02,3.756695178286700099e+01
-2.229920615777547539e+02,3.758136765118119627e+01
-2.227810512374170457e+02,3.758095150948254570e+01
-2.224912635676392654e+02,3.756592017922223192e+01
-2.221223473703346372e+02,3.753652058345755904e+01
-2.216741472196979998e+02,3.749302951779935711e+01
-2.211467080908155936e+02,3.743575337678178983e+01
-2.205402795889696392e+02,3.736502783654010784e+01
-2.198553197564909567e+02,3.728121749476001412e+01
-2.190924984342615573e+02,3.718471546893646007e+01
-2.182527001552823549e+02,3.707594295405014151e+01
-2.173370265481012211e+02,3.695534874083551813e+01
-2.163467982283397930e+02,3.682340869587560661e+01
-2.152835561570766174e+02,3.668062520481466748e+01
-2.141490624454266936e+02,3.652752658003150543e+01
-2.129453005853193304e+02,3.636466643416120093e+01
-2.116744750872042005e+02,3.619262302089317274e+01
-2.103390105062257760e+02,3.601199854450747040e+01
-2.089415498392888821e+02,3.582341843963889971e+01
-2.074849522763942105e+02,3.562753062277958094e+01
-2.059722902906715092e+02,3.542500471704592968e+01
-2.044068460526447097e+02,3.521653125174343302e+01
-2.027921071554713706e+02,3.500282083826354551e+01
-2.011317616391715717e+02,3.478460332384076992e+01
-1.994296923032267443e+02,3.456262692468472864e+01
-1.976899702983657505e+02,3.433765733998039593e+01
-1.959168479898853832e+02,3.411047684822132453e+01
-1.941147510864529693e+02,3.388188338730461169e+01
-1.922882700300269221e+02,3.365268961977112383e+01
-1.904421506443036662e+02,3.342372198452446241e+01
-1.885812840409437570e+02,3.319581973630010907e+01
-1.867106957847624642e+02,3.296983397409014316e+01
-1.848355343210789954e+02,3.274662665965226438e+01
-1.829610586705024673e+02,3.252706962714864858e+01
-1.810926253986022800e+02,3.231204358486872508e+01
-1.792356748701438676e+02,3.210243710989078636e+01
-1.773957167998871682e+02,3.189914563643031897e+01
-1.755783151143278076e+02,3.170307043850857909e+01
-1.737890721412136372e+02,3.151511760745316693e+01
-1.720336121461929224e+02,3.133619702461307455e+01
-1.703175642385309345e+02,3.116722132953466229e+01
-1.686465446704797557e+02,3.100910488370195495e+01
-1.670261385575878421e+02,3.086276272979521096e+01
-1.654618810499935364e+02,3.072910954626559032e+01
-1.639592379875571169e+02,3.060905859686270247e+01
-1.625235860745374623e+02,3.050352067458353744e+01
-1.611601926124154147e+02,3.041340303933938571e+01
-1.598741948324051805e+02,3.033960834845960619e+01
-1.586705788721523902e+02,3.028303357896929526e+01
-1.575541584441193095e+02,3.024456894039241561e+01
-1.565295532461673531e+02,3.022509677664241678e+01
-1.556011671678795381e+02,3.022549045537091317e+01
-1.547731663492035352e+02,3.024661324295020748e+01
-1.540494571510422759e+02,3.028931716306953348e+01
-1.534336641004546493e+02,3.035444183672812102e+01
-1.529291078761594065e+02,3.044281330121021867e+01
-1.525387834030440501e+02,3.055524280543031068e+01
-1.522653381273631226e+02,3.069252557884023602e+01
-1.521110505472628347e+02,3.085543957089597811e+01
-1.520778090761707233e+02,3.104474415788917341e+01
-1.521670913194484740e+02,3.126117881376056928e+01
-1.523799438474981400e+02,3.150546174132805888e+01
-1.527169625512375433e+02,3.177828846018215714e+01
-1.531782736685061650e+02,3.208033034732984135e+01
-1.537635155725179459e+02,3.241223312649943722e+01
-1.544718214159342438e+02,3.277461530186269556e+01
-1.553018027264752732e+02,3.316806653177923181e+01
-1.562515340522115821e+02,3.359314593802942284e+01
-1.573185387567724831e+02,3.405038034587327189e+01
-1.584997760666514068e+02,3.454026245015501928e+01
-1.597916294745845391e+02,3.506324890257069882e+01
-1.611898966046018700e+02,3.561975831512555857e+01
-1.626897806457935189e+02,3.621016917473342289e+01
-1.642858834630910962e+02,3.683481766385433787e+01
-1.659722004944034097e+02,3.749399538202278848e+01
-1.677421175442835874e+02,3.818794696310117587e+01
-1.695884095848951461e+02,3.891686758308851068e+01
-1.715032416754015969e+02,3.968090035333467824e+01
-1.734781721110018964e+02,4.048013359405349831e+01
-1.755041579126476847e+02,4.131459798308986109e+01
-1.775715627680285706e+02,4.218426357498917412e+01
-1.796701675336382493e+02,4.308903668553141841e+01
-1.817891834066656997e+02,4.402875663703441234e+01
-1.839172678740511344e+02,4.500319235990438926e+01
-1.860425435442938920e+02,4.601203884610884387e+01
-1.881526199655083076e+02,4.705491345048130114e+01
-1.902346185307409883e+02,4.813135203602898571e+01
-1.922752005687097210e+02,4.924080495971009697e+01
-1.942605987148699285e+02,5.038263289548014257e+01
-1.961766516540363909e+02,5.155610249176820048e+01
-1.980088423217002003e+02,5.276038186095024685e+01
-1.997423396466338659e+02,5.399453589882196525e+01
-2.013620439123922381e+02,5.525752143255603244e+01
-2.028526358098459355e+02,5.654818219614029573e+01
-2.041986292469465241e+02,5.786524363285592898e+01
-2.053844279754803779e+02,5.920730752495158100e+01
-2.063943860876233884e+02,6.057284645131003487e+01
-2.072128724276385583e+02,6.196019807459165918e+01
-2.078243389560633432e+02,6.336755926006195239e+01
-2.082133930951863192e+02,6.479298002908825538e+01
-2.083648740755198787e+02,6.623435735110591338e+01
-2.082639332933052287e+02,6.768942877871778308e+01
-2.078961186788556006e+02,6.915576593150444751e+01
-2.072474630647101037e+02,7.063076783507337097e+01
-2.063045765311600803e+02,7.211165412288518439e+01
-2.050547426946855580e+02,7.359545810944327116e+01
-2.034860188922130533e+02,7.507901974453193361e+01
-2.015873402008568860e+02,7.655897845933759527e+01
-1.993486272189461772e+02,7.803176591647735449e+01
-1.967608975196426400e+02,7.949359867720512796e+01
-1.938163806733344359e+02,8.094047080035343811e+01
-1.905086367192390640e+02,8.236814638890295726e+01
-1.868326779502549471e+02,8.377215210146003699e+01
-1.827850938580886293e+02,8.514776964734419096e+01
-1.783641790680215138e+02,8.649002828546755950e+01
-1.735700640743973224e+02,8.779369734870415698e+01
-1.684048485689998813e+02,8.905327881700839043e+01
-1.628727371349482667e+02,9.026299996414945781e+01
-1.569801770585966381e+02,9.141680610456977263e+01
-1.507359979911539654e+02,9.250835346856457875e+01
-1.441515531703894055e+02,9.353100223570127980e+01
-1.372408618908459914e+02,9.447780975815658167e+01
-1.300207528884559167e+02,9.534152400744611100e+01
-1.225110082823977109e+02,9.611457727984428345e+01
-1.147345076933983279e+02,9.678908019765128756e+01
-1.067173721335539796e+02,9.735681604534870814e+01
-9.848910723811266621e+01,9.780923548159250913e+01
-9.008274538452124602e+01,9.813745166992599422e+01
-8.153498621850880568e+01,9.833223587304442503e+01
-7.288633508095300328e+01,9.838401355740997190e+01
-6.418123880291113892e+01,9.828286105699520192e+01
-5.546821830945363985e+01,9.801850284692008586e+01
-4.679999744585047949e+01,9.758030947974056346e+01
-3.823362741233729878e+01,9.695729623914016315e+01
-2.983060616605670035e+01,9.613812256776451193e+01
-2.165699212098376591e+01,9.511109232792226464e+01
-1.378351144868828726e+01,9.386415495584240887e+01
-6.285658254704515890e+00,9.238490757212815652e+01
7.562131228056856447e-01,9.066059811297637339e+01
7.256804473555599877e+00,8.867812954862766617e+01
1.312579954429308948e+01,8.642406525737494860e+01
1.826780017403835643e+01,8.388463562528406214e+01
2.258227360056813282e+01,8.104574594354768635e+01
2.596351183077113234e+01,7.789298567712495469e+01
2.830060399466531962e+01,7.441163917997076283e+01
2.947742262959126336e+01,7.058669793375605650e+01
2.937262486734615408e+01,6.640287438849904333e+01
2.785966952270016606e+01,6.184461748495330369e+01
2.480685110674637883e+01,5.689612993995702794e+01
2.007735181280331105e+01,5.154138737717705965e+01
1.352931254600381017e+01,4.576415938683064155e+01
5.015924090163443871e+00,3.954803259897321510e+01
-5.614460473043453526e+00,3.287643585585621508e+01
-1.851819095732967924e+01,2.573266756959801427e+01
-3.385616172319566175e+01,1.809992535203794972e+01
-5.179362861560542797e+01,9.961338004105586563e+00
-7.250000000000000000e+01,1.299999952316284180e+00
