X,Y
-1.331000061035156250e+02,-8.169999694824218750e+01
-1.326844633957192912e+02,-8.139253847718336488e+01
-1.322706526933935436e+02,-8.108583426133814953e+01
-1.318585782439733975e+02,-8.077988625479997609e+01
-1.314482442038440695e+02,-8.047469637336971005e+01
-1.310396546386206751e+02,-8.017026649467938171e+01
-1.306328135234308263e+02,-7.986659845831752591e+01
-1.302277247431976548e+02,-7.956369406595452176e+01
-1.298243920929243984e+02,-7.926155508146867135e+01
-1.294228192779808069e+02,-7.896018323107320214e+01
-1.290230099143897178e+02,-7.865958020344302781e+01
-1.286249675291161054e+02,-7.835974764984301544e+01
-1.282286955603567833e+02,-7.806068718425626685e+01
-1.278341973578316413e+02,-7.776240038351309636e+01
-1.274414761830765030e+02,-7.746488878742096063e+01
-1.270505352097360117e+02,-7.716815389889403320e+01
-1.266613775238592865e+02,-7.687219718408432811e+01
-1.262740061241958642e+02,-7.657702007251282339e+01
-1.258884239224930468e+02,-7.628262395720112465e+01
-1.255046337437952388e+02,-7.598901019480430818e+01
-1.251226383267427877e+02,-7.569618010574309608e+01
-1.247424403238738080e+02,-7.540413497433775092e+01
-1.243640423019262329e+02,-7.511287604894189940e+01
-1.239874467421410884e+02,-7.482240454207686753e+01
-1.236126560405676287e+02,-7.453272163056703903e+01
-1.232396725083683720e+02,-7.424382845567483002e+01
-1.228684983721264814e+02,-7.395572612323709905e+01
-1.224991357741536149e+02,-7.366841570380141491e+01
-1.221315867727989541e+02,-7.338189823276313462e+01
-1.217658533427600958e+02,-7.309617471050314919e+01
-1.214019373753934445e+02,-7.281124610252540208e+01
-1.210398406790273214e+02,-7.252711333959568663e+01
-1.206795649792752414e+02,-7.224377731788048607e+01
-1.203211119193504288e+02,-7.196123889908636784e+01
-1.199644830603819798e+02,-7.167949891060018786e+01
-1.196096798817305995e+02,-7.139855814562889691e+01
-1.192567037813070954e+02,-7.111841736334079656e+01
-1.189055560758907291e+02,-7.083907728900662448e+01
-1.185562380014489463e+02,-7.056053861414125095e+01
-1.182087507134586417e+02,-7.028280199664618522e+01
-1.178630952872269688e+02,-7.000586806095165571e+01
-1.175192727182147507e+02,-6.972973739815999750e+01
-1.171772839223598766e+02,-6.945441056618906828e+01
-1.168371297364018346e+02,-6.917988808991606220e+01
-1.164988109182078091e+02,-6.890617046132209111e+01
-1.161623281470983642e+02,-6.863325813963652422e+01
-1.158276820241755019e+02,-6.836115155148252143e+01
-1.154948730726505772e+02,-6.808985109102222566e+01
-1.151639017381741894e+02,-6.781935712010326256e+01
-1.148347683891654469e+02,-6.754966996840451543e+01
-1.145074733171435923e+02,-6.728078993358317916e+01
-1.141820167370596835e+02,-6.701271728142197048e+01
-1.138583987876292269e+02,-6.674545224597639503e+01
-1.135366195316663038e+02,-6.647899502972308028e+01
-1.132166789564172689e+02,-6.621334580370759682e+01
-1.128985769738963967e+02,-6.594850470769334549e+01
-1.125823134212220396e+02,-6.568447185031061508e+01
-1.122678880609531689e+02,-6.542124730920579623e+01
-1.119553005814277640e+02,-6.515883113119141967e+01
-1.116445505971003911e+02,-6.489722333239591023e+01
-1.113356376488820274e+02,-6.463642389841419345e+01
-1.110285612044799421e+02,-6.437643278445845851e+01
-1.107233206587384018e+02,-6.411724991550923392e+01
-1.104199153339804695e+02,-6.385887518646708827e+01
-1.101183444803498901e+02,-6.360130846230399015e+01
-1.098186072761542107e+02,-6.334454957821569110e+01
-1.095207028282085844e+02,-6.308859833977415121e+01
-1.092246301721799000e+02,-6.283345452308013535e+01
-1.089303882729325323e+02,-6.257911787491655531e+01
-1.086379760248732538e+02,-6.232558811290148526e+01
-1.083473922522982207e+02,-6.207286492564200842e+01
-1.080586357097400025e+02,-6.182094797288819166e+01
-1.077717050823152647e+02,-6.156983688568722357e+01
-1.074865989860736022e+02,-6.131953126653824171e+01
-1.072033159683458621e+02,-6.107003068954676905e+01
-1.069218545080944409e+02,-6.082133470058007418e+01
-1.066422130162632413e+02,-6.057344281742246039e+01
-1.063643898361289644e+02,-6.032635452993110903e+01
-1.060883832436522027e+02,-6.008006930019171676e+01
-1.058141914478295718e+02,-5.983458656267481501e+01
-1.055418125910466642e+02,-5.958990572439229538e+01
-1.052712447494308492e+02,-5.934602616505387829e+01
-1.050024859332056621e+02,-5.910294723722445553e+01
-1.047355340870444564e+02,-5.886066826648082895e+01
-1.044703870904256320e+02,-5.861918855156937980e+01
-1.042070427579879919e+02,-5.837850736456374534e+01
-1.039454988398864828e+02,-5.813862395102257352e+01
-1.036857530221490862e+02,-5.789953753014793847e+01
-1.034278029270330705e+02,-5.766124729494332257e+01
-1.031716461133827636e+02,-5.742375241237245120e+01
-1.029172800769873959e+02,-5.718705202351790717e+01
-1.026647022509393281e+02,-5.695114524374022835e+01
-1.024139100059932304e+02,-5.671603116283722557e+01
-1.021649006509247499e+02,-5.648170884520303048e+01
-1.019176714328906144e+02,-5.624817732998802455e+01
-1.016722195377885782e+02,-5.601543563125843406e+01
-1.014285420906180093e+02,-5.578348273815637981e+01
-1.011866361558411711e+02,-5.555231761506020405e+01
-1.009464987377438945e+02,-5.532193920174446333e+01
-1.007081267807978548e+02,-5.509234641354073858e+01
-1.004715171700225795e+02,-5.486353814149819641e+01
-1.002366667313478246e+02,-5.463551325254447022e+01
-1.000035722319768325e+02,-5.440827058964681839e+01
-9.977223038074899364e+01,-5.418180897197307644e+01
-9.954263782850384246e+01,-5.395612719505314914e+01
-9.931479116844481325e+01,-5.373122403094045296e+01
-9.908868693650336468e+01,-5.350709822837351481e+01
-9.886432161170404243e+01,-5.328374851293800418e+01
-9.864169161652864659e+01,-5.306117358722825372e+01
-9.842079331728177749e+01,-5.283937213100956143e+01
-9.820162302445635305e+01,-5.261834280138035069e+01
-9.798417699309896989e+01,-5.239808423293438011e+01
-9.776845142317662862e+01,-5.217859503792344356e+01
-9.755444245994219443e+01,-5.195987380641955156e+01
-9.734214619430134974e+01,-5.174191910647780901e+01
-9.713155866317936216e+01,-5.152472948429920052e+01
-9.692267584988792350e+01,-5.130830346439334733e+01
-9.671549368449279882e+01,-5.109263954974174737e+01
-9.651000804418069379e+01,-5.087773622196050383e+01
-9.630621475362730166e+01,-5.066359194146374989e+01
-9.610410958536510861e+01,-5.045020514762684627e+01
-9.590368826015128434e+01,-5.023757425894963546e+01
-9.570494644733642531e+01,-5.002569767322020766e+01
-9.550787976523230327e+01,-4.981457376767791345e+01
-9.531248378148083589e+01,-4.960420089917733577e+01
-9.511875401342277314e+01,-4.939457740435177158e+01
-9.492668592846641218e+01,-4.918570159977696221e+01
-9.473627494445719321e+01,-4.897757178213507245e+01
-9.454751643004598805e+01,-4.877018622837820061e+01
-9.436040570505906544e+01,-4.856354319589248547e+01
-9.417493804086713283e+01,-4.835764092266201430e+01
-9.399110866075488957e+01,-4.815247762743275928e+01
-9.380891274029102078e+01,-4.794805150987679099e+01
-9.362834540769719638e+01,-4.774436075075610120e+01
-9.344940174421822121e+01,-4.754140351208685900e+01
-9.327207678449187256e+01,-4.733917793730347512e+01
-9.309636551691858131e+01,-4.713768215142280837e+01
-9.292226288403188050e+01,-4.693691426120847154e+01
-9.274976378286771705e+01,-4.673687235533479623e+01
-9.257886306533484344e+01,-4.653755450455118137e+01
-9.240955553858492522e+01,-4.633895876184634233e+01
-9.224183596538233587e+01,-4.614108316261247467e+01
-9.207569906447469066e+01,-4.594392572480967374e+01
-9.191113951096249934e+01,-4.574748444912998480e+01
-9.174815193666943003e+01,-4.555175731916168047e+01
-9.158673093051234559e+01,-4.535674230155359510e+01
-9.142687103887128330e+01,-4.516243734617918193e+01
-9.126856676595984652e+01,-4.496884038630098956e+01
-9.111181257419465851e+01,-4.477594933873454863e+01
-9.095660288456554099e+01,-4.458376210401270612e+01
-9.080293207700543689e+01,-4.439227656654971810e+01
-9.065079449076002049e+01,-4.420149059480533538e+01
-9.050018442475791858e+01,-4.401140204144905255e+01
-9.035109613797969530e+01,-4.382200874352386677e+01
-9.020352384982797389e+01,-4.363330852261046289e+01
-9.005746174049663466e+01,-4.344529918499111432e+01
-8.991290395134018354e+01,-4.325797852181355552e+01
-8.976984458524344745e+01,-4.307134430925499657e+01
-8.962827770699004759e+01,-4.288539430868565461e+01
-8.948819734363193845e+01,-4.270012626683269019e+01
-8.934959748485805164e+01,-4.251553791594380272e+01
-8.921247208336302492e+01,-4.233162697395079732e+01
-8.907681505521617282e+01,-4.214839114463336500e+01
-8.894262028022929201e+01,-4.196582811778215216e+01
-8.880988160232544715e+01,-4.178393556936246256e+01
-8.867859282990676206e+01,-4.160271116167740502e+01
-8.854874773622245243e+01,-4.142215254353113352e+01
-8.842034005973674482e+01,-4.124225735039213703e+01
-8.829336350449591464e+01,-4.106302320455600352e+01
-8.816781174049603464e+01,-4.088444771530856769e+01
-8.804367840404987078e+01,-4.070652847908867500e+01
-8.792095709815376381e+01,-4.052926307965091723e+01
-8.779964139285456781e+01,-4.035264908822841790e+01
-8.767972482561562231e+01,-4.017668406369511303e+01
-8.756120090168320758e+01,-4.000136555272832339e+01
-8.744406309445248837e+01,-3.982669108997103535e+01
-8.732830484583288921e+01,-3.965265819819401116e+01
-8.721391956661409495e+01,-3.947926438845803432e+01
-8.710090063683045969e+01,-3.930650716027556513e+01
-8.698924140612631106e+01,-3.913438400177270893e+01
-8.687893519412043020e+01,-3.896289238985087167e+01
-8.676997529077007698e+01,-3.879202979034817389e+01
-8.666235495673551270e+01,-3.862179365820110633e+01
-8.655606742374290263e+01,-3.845218143760541096e+01
-8.645110589494811393e+01,-3.828319056217738137e+01
-8.634746354529994505e+01,-3.811481845511492850e+01
-8.624513352190189153e+01,-3.794706252935796442e+01
-8.614410894437565958e+01,-3.777992018774956762e+01
-8.604438290522216448e+01,-3.761338882319599008e+01
-8.594594847018362316e+01,-3.744746581882717607e+01
-8.584879867860510672e+01,-3.728214854815704626e+01
-8.575292654379444457e+01,-3.711743437524301470e+01
-8.565832505338406122e+01,-3.695332065484636530e+01
-8.556498716968999929e+01,-3.678980473259137796e+01
-8.547290583007223574e+01,-3.662688394512498746e+01
-8.538207394729421651e+01,-3.646455562027616537e+01
-8.529248440988091318e+01,-3.630281707721454865e+01
-8.520413008247865605e+01,-3.614166562660987836e+01
-8.511700380621209661e+01,-3.598109857079023044e+01
-8.503109839904244893e+01,-3.582111320390065856e+01
-8.494640665612496377e+01,-3.566170681206164517e+01
-8.486292135016499572e+01,-3.550287667352676380e+01
-8.478063523177533511e+01,-3.534462005884104485e+01
-8.469954102983133737e+01,-3.518693423099826845e+01
-8.461963145182667745e+01,-3.502981644559852015e+01
-8.454089918422876337e+01,-3.487326395100558329e+01
-8.446333689283248702e+01,-3.471727398850368473e+01
-8.438693722311479917e+01,-3.456184379245447502e+01
-8.431169280058816184e+01,-3.440697059045348993e+01
-8.423759623115341810e+01,-3.425265160348652671e+01
-8.416464010145290331e+01,-3.409888404608584267e+01
-8.409281697922173748e+01,-3.394566512648580670e+01
-8.402211941363998449e+01,-3.379299204677871415e+01
-8.395253993568334749e+01,-3.364086200307005470e+01
-8.388407105847370815e+01,-3.348927218563372321e+01
-8.381670527762946676e+01,-3.333821977906695366e+01
-8.375043507161429091e+01,-3.318770196244484083e+01
-8.368525290208657452e+01,-3.303771590947479098e+01
-8.362115121424746178e+01,-3.288825878865067409e+01
-8.355812243718864352e+01,-3.273932776340664930e+01
-8.349615898423984106e+01,-3.259091999227088365e+01
-8.343525325331499687e+01,-3.244303262901872387e+01
-8.337539762725856463e+01,-3.229566282282588219e+01
-8.331658447419098934e+01,-3.214880771842122442e+01
-8.325880614785336320e+01,-3.200246445623923108e+01
-8.320205498795220933e+01,-3.185663017257241592e+01
-8.314632332050246077e+01,-3.171130199972307295e+01
-8.309160345817102211e+01,-3.156647706615508042e+01
-8.303788770061903790e+01,-3.142215249664528187e+01
-8.298516833484355004e+01,-3.127832541243454401e+01
-8.293343763551925463e+01,-3.113499293137871859e+01
-8.288268786533829768e+01,-3.099215216809894358e+01
-8.283291127535068199e+01,-3.084980023413198680e+01
-8.278410010530338070e+01,-3.070793423808015632e+01
-8.273624658397889675e+01,-3.056655128576083769e+01
-8.268934292953356646e+01,-3.042564848035598146e+01
-8.264338134983421469e+01,-3.028522292256083404e+01
-8.259835404279532156e+01,-3.014527171073280698e+01
-8.255425319671456919e+01,-3.000579194103976732e+01
-8.251107099060838834e+01,-2.986678070760806136e+01
-8.246879959454652465e+01,-2.972823510267038216e+01
-8.242743116998552466e+01,-2.959015221671294071e+01
-8.238695787010226468e+01,-2.945252913862269395e+01
-8.234737184012624311e+01,-2.931536295583403273e+01
-8.230866521767131871e+01,-2.917865075447516077e+01
-8.227083013306703663e+01,-2.904238961951430653e+01
-8.223385870968832023e+01,-2.890657663490524243e+01
-8.219774306428556088e+01,-2.877120888373281105e+01
-8.216247530731317283e+01,-2.863628344835793627e+01
-8.212804754325766510e+01,-2.850179741056228622e+01
-8.209445187096542895e+01,-2.836774785169279056e+01
-8.206168038396853603e+01,-2.823413185280536197e+01
-8.202972517081119008e+01,-2.810094649480874551e+01
-8.199857831537454445e+01,-2.796818885860774273e+01
-8.196823189720085168e+01,-2.783585602524605562e+01
-8.193867799181747102e+01,-2.770394507604908796e+01
-8.190990867105885798e+01,-2.757245309276579093e+01
-8.188191600338912224e+01,-2.744137715771077168e+01
-8.185469205422285199e+01,-2.731071435390562385e+01
-8.182822888624541235e+01,-2.718046176521995960e+01
-8.180251855973300223e+01,-2.705061647651233159e+01
-8.177755313287056538e+01,-2.692117557377027026e+01
-8.175332466207026982e+01,-2.679213614425039935e+01
-8.172982520228853787e+01,-2.666349527661799002e+01
-8.170704680734198178e+01,-2.653525006108601403e+01
-8.168498153022351005e+01,-2.640739758955414374e+01
-8.166362142341603203e+01,-2.627993495574689220e+01
-8.164295853920695833e+01,-2.615285925535175693e+01
-8.162298493000072597e+01,-2.602616758615678449e+01
-8.160369264863084027e+01,-2.589985704818772305e+01
-8.158507374867149053e+01,-2.577392474384497234e+01
-8.156712028474728982e+01,-2.564836777803974144e+01
-8.154982431284305733e+01,-2.552318325833019941e+01
-8.153317789061247822e+01,-2.539836829505700777e+01
-8.151717307768548437e+01,-2.527392000147840534e+01
-8.150180193597569200e+01,-2.514983549390514739e+01
-8.148705652998549454e+01,-2.502611189183459217e+01
-8.147292892711180912e+01,-2.490274631808474481e+01
-8.145941119795007523e+01,-2.477973589892781092e+01
-8.144649541659691749e+01,-2.465707776422299347e+01
-8.143417366095360421e+01,-2.453476904754950993e+01
-8.142243801302623751e+01,-2.441280688633843354e+01
-8.141128055922710871e+01,-2.429118842200467299e+01
-8.140069339067403575e+01,-2.416991080007833048e+01
-8.139066860348852117e+01,-2.404897117033536702e+01
-8.138119829909453529e+01,-2.392836668692842395e+01
-8.137227458451414464e+01,-2.380809450851652542e+01
-8.136388957266396460e+01,-2.368815179839479157e+01
-8.135603538265013412e+01,-2.356853572462367552e+01
-8.134870414006157091e+01,-2.344924346015731942e+01
-8.134188797726386611e+01,-2.333027218297222660e+01
-8.133557903369050734e+01,-2.321161907619465126e+01
-8.132976945613427233e+01,-2.309328132822813018e+01
-8.132445139903745712e+01,-2.297525613288036794e+01
-8.131961702478025700e+01,-2.285754068948940443e+01
-8.131525850397001420e+01,-2.274013220304993155e+01
-8.131136801572714035e+01,-2.262302788433842693e+01
-8.130793774797204776e+01,-2.250622495003832313e+01
-8.130495989771016241e+01,-2.238972062286462616e+01
-8.130242667131545886e+01,-2.227351213168772404e+01
-8.130033028481474844e+01,-2.215759671165734801e+01
-8.129866296416851412e+01,-2.204197160432536151e+01
-8.129741694555291076e+01,-2.192663405776856322e+01
-8.129658447563969048e+01,-2.181158132671092886e+01
-8.129615781187470702e+01,-2.169681067264501451e+01
-8.129612922275690323e+01,-2.158231936395350914e+01
-8.129649098811461272e+01,-2.146810467602967876e+01
-8.129723539938164834e+01,-2.135416389139766125e+01
-8.129835475987270854e+01,-2.124049429983232784e+01
-8.129984138505635372e+01,-2.112709319847821376e+01
-8.130168760282890617e+01,-2.101395789196864072e+01
-8.130388575378555061e+01,-2.090108569254368120e+01
-8.130642819149120726e+01,-2.078847392016797713e+01
-8.130930728275050967e+01,-2.067611990264811439e+01
-8.131251540787575038e+01,-2.056402097574907373e+01
-8.131604496095533818e+01,-2.045217448331082721e+01
-8.131988835011944161e+01,-2.034057777736376948e+01
-8.132403799780583142e+01,-2.022922821824406725e+01
-8.132848634102421670e+01,-2.011812317470841904e+01
-8.133322583161897512e+01,-2.000726002404802628e+01
-8.133824893653206800e+01,-1.989663615220257498e+01
-8.134354813806338313e+01,-1.978624895387314453e+01
-8.134911593413103503e+01,-1.967609583263493889e+01
-8.135494483853030090e+01,-1.956617420104948479e+01
-8.136102738119082289e+01,-1.945648148077600226e+01
-8.136735610843399513e+01,-1.934701510268274660e+01
-8.137392358322789221e+01,-1.923777250695734864e+01
-8.138072238544185666e+01,-1.912875114321687775e+01
-8.138774511210002061e+01,-1.901994847061741112e+01
-8.139498437763282368e+01,-1.891136195796276098e+01
-8.140243281412881515e+01,-1.880298908381317347e+01
-8.141008307158402602e+01,-1.869482733659295448e+01
-8.141792781815084368e+01,-1.858687421469792156e+01
-8.142595974038589191e+01,-1.847912722660223750e+01
-8.143417154349585019e+01,-1.837158389096446598e+01
-8.144255595158362837e+01,-1.826424173673352769e+01
-8.145110570789194071e+01,-1.815709830325368657e+01
-8.145981357504642517e+01,-1.805015114036919499e+01
-8.146867233529793850e+01,-1.794339780852845578e+01
-8.147767479076236441e+01,-1.783683587888729605e+01
-8.148681376366124596e+01,-1.773046293341220547e+01
-8.149608209655932001e+01,-1.762427656498253015e+01
-8.150547265260193797e+01,-1.751827437749236793e+01
-8.151497831575156283e+01,-1.741245398595194516e+01
-8.152459199102165144e+01,-1.730681301658812288e+01
-8.153430660471131830e+01,-1.720134910694480368e+01
-8.154411510463719992e+01,-1.709605990598235437e+01
-8.155401046036469381e+01,-1.699094307417664851e+01
-8.156398566343881384e+01,-1.688599628361768268e+01
-8.157403372761187654e+01,-1.678121721810718370e+01
-8.158414768907232428e+01,-1.667660357325622655e+01
-8.159432060667064945e+01,-1.657215305658177584e+01
-8.160454556214452282e+01,-1.646786338760290036e+01
-8.161481566034372293e+01,-1.636373229793650097e+01
-8.162512402945169754e+01,-1.625975753139205437e+01
-8.163546382120853195e+01,-1.615593684406634623e+01
-8.164582821113060618e+01,-1.605226800443714197e+01
-8.165621039872976894e+01,-1.594874879345647223e+01
-8.166660360773208538e+01,-1.584537700464345988e+01
-8.167700108629345834e+01,-1.574215044417618437e+01
-8.168739610721623023e+01,-1.563906693098345180e+01
-8.169778196816287164e+01,-1.553612429683554907e+01
-8.170815199186898781e+01,-1.543332038643460002e+01
-8.171849952635587044e+01,-1.533065305750443663e+01
-8.172881794513985199e+01,-1.522812018087950570e+01
-8.173910064744289627e+01,-1.512571964059369378e+01
-8.174934105839990650e+01,-1.502344933396808102e+01
-8.175953262926554999e+01,-1.492130717169836807e+01
-8.176966883762052873e+01,-1.481929107794169909e+01
-8.177974318757496519e+01,-1.471739899040267296e+01
-8.178974920997211484e+01,-1.461562886041902765e+01
-8.179968046259000403e+01,-1.451397865304651624e+01
-8.180953053034158984e+01,-1.441244634714324668e+01
-8.181929302547493421e+01,-1.431102993545351865e+01
-8.182896158777003848e+01,-1.420972742469078653e+01
-8.183852988473634582e+01,-1.410853683562029914e+01
-8.184799161180806948e+01,-1.400745620314095419e+01
-8.185734049253784406e+01,-1.390648357636657906e+01
-8.186657027879060422e+01,-1.380561701870669644e+01
-8.187567475093403857e+01,-1.370485460794644084e+01
-8.188464771802968301e+01,-1.360419443632611092e+01
-8.189348301802164087e+01,-1.350363461061996162e+01
-8.190217451792415204e+01,-1.340317325221436917e+01
-8.191071611400867880e+01,-1.330280849718554137e+01
-8.191910173198807854e+01,-1.320253849637630772e+01
-8.192732532720118854e+01,-1.310236141547257560e+01
-8.193538088479510861e+01,-1.300227543507900130e+01
-8.194326241990616211e+01,-1.290227875079405884e+01
-8.195096397784048747e+01,-1.280236957328457592e+01
-8.195847963425185867e+01,-1.270254612835945274e+01
-8.196580349531951981e+01,-1.260280665704292602e+01
-8.197292969792401607e+01,-1.250314941564713145e+01
-8.197985240982158928e+01,-1.240357267584399104e+01
-8.198656582981824670e+01,-1.230407472473662800e+01
-8.199306418794085971e+01,-1.220465386492986504e+01
-8.199934174560853251e+01,-1.210530841460037976e+01
-8.200539279580179652e+01,-1.200603670756604480e+01
-8.201121166323044065e+01,-1.190683709335465856e+01
-8.201679270450082981e+01,-1.180770793727215207e+01
-8.202213030828045248e+01,-1.170864762046990926e+01
-8.202721889546263867e+01,-1.160965454001170905e+01
-8.203205291932908949e+01,-1.151072710893986617e+01
-8.203662686571094298e+01,-1.141186375634074679e+01
-8.204093525314962676e+01,-1.131306292740975294e+01
-8.204497263305451327e+01,-1.121432308351543661e+01
-8.204873358986100129e+01,-1.111564270226316786e+01
-8.205221274118643748e+01,-1.101702027755813340e+01
-8.205540473798424728e+01,-1.091845431966747348e+01
-8.205830426469820793e+01,-1.081994335528213824e+01
-8.206090603941342465e+01,-1.072148592757770302e+01
-8.206320481400746303e+01,-1.062308059627478585e+01
-8.206519537429973354e+01,-1.052472593769877740e+01
-8.206687254019861655e+01,-1.042642054483871661e+01
-8.206823116584921252e+01,-1.032816302740586956e+01
-8.206926613977724116e+01,-1.022995201189127812e+01
-8.206997238503376479e+01,-1.013178614162288049e+01
-8.207034485933729684e+01,-1.003366407682195849e+01
-8.207037855521451775e+01,-9.935584494658717958e+00
-8.207006850014101929e+01,-9.837546089307585007e+00
-8.206940975667838245e+01,-9.739547572001418629e+00
-8.206839742261200854e+01,-9.641587671085360967e+00
-8.206702663108663387e+01,-9.543665132069941492e+00
-8.206529255073981233e+01,-9.445778717683364079e+00
-8.206319038583605163e+01,-9.347927207923463655e+00
-8.206071537639701319e+01,-9.250109400108597058e+00
-8.205786279833235142e+01,-9.152324108928167945e+00
-8.205462796356833621e+01,-9.054570166492386107e+00
-8.205100622017471323e+01,-8.956846422381234518e+00
-8.204699295249152158e+01,-8.859151743693036707e+00
-8.204258358125265715e+01,-8.761485015092061346e+00
-8.203777356370974871e+01,-8.663845138855636563e+00
-8.203255839375384539e+01,-8.566231034920596343e+00
-8.202693360203529949e+01,-8.468641640928842307e+00
-8.202089475608354974e+01,-8.371075912272582187e+00
-8.201443746042419036e+01,-8.273532822138561116e+00
-8.200755735669531532e+01,-8.176011361551770662e+00
-8.200025012376265465e+01,-8.078510539418552128e+00
-8.199251147783220972e+01,-7.981029382568762820e+00
-8.198433717256341424e+01,-7.883566935797628794e+00
-8.197572299917881367e+01,-7.786122261906577968e+00
-8.196666478657371613e+01,-7.688694441743583852e+00
-8.195715840142428021e+01,-7.591282574242835146e+00
-8.194719974829310161e+01,-7.493885776463529602e+00
-8.193678476973541080e+01,-7.396503183628314382e+00
-8.192590944640171813e+01,-7.299133949160703239e+00
-8.191456979714054398e+01,-7.201777244722015858e+00
-8.190276187909930172e+01,-7.104432260247642184e+00
-8.189048178782314835e+01,-7.007098203982404350e+00
-8.187772565735382102e+01,-6.909774302515577560e+00
-8.186448966032550345e+01,-6.812459800814888666e+00
-8.185077000806045078e+01,-6.715153962260028031e+00
-8.183656295066278119e+01,-6.617856068675470382e+00
-8.182186477711026384e+01,-6.520565420362431475e+00
-8.180667181534626309e+01,-6.423281336130409969e+00
-8.179098043236841420e+01,-6.326003153327785178e+00
-8.177478703431710017e+01,-6.228730227871865921e+00
-8.175808806656246475e+01,-6.131461934278267911e+00
-8.174088001378886759e+01,-6.034197665689418066e+00
-8.172315940007979407e+01,-5.936936833902661803e+00
-8.170492278899965299e+01,-5.839678869397389782e+00
-8.168616678367497741e+01,-5.742423221361637076e+00
-8.166688802687428961e+01,-5.645169357717997549e+00
-8.164708320108583450e+01,-5.547916765148670493e+00
-8.162674902859494352e+01,-5.450664949120096914e+00
-8.160588227155905372e+01,-5.353413433906630381e+00
-8.158447973208166104e+01,-5.256161762613654531e+00
-8.156253825228526466e+01,-5.158909497200031780e+00
-8.154005471438165387e+01,-5.061656218499685167e+00
-8.151702604074255021e+01,-4.964401526242740559e+00
-8.149344919396732223e+01,-4.867145039075723822e+00
-8.146932117694974806e+01,-4.769886394581216216e+00
-8.144463903294412432e+01,-4.672625249296797456e+00
-8.141939984562817756e+01,-4.575361278733147685e+00
-8.139360073916672889e+01,-4.478094177391720443e+00
-8.136723887827221802e+01,-4.380823658781434204e+00
-8.134031146826428937e+01,-4.283549455434832787e+00
-8.131281575512900872e+01,-4.186271318923555640e+00
-8.128474902557439918e+01,-4.088989019872941277e+00
-8.125610860708712835e+01,-3.991702347976186172e+00
-8.122689186798579897e+01,-3.894411112007559073e+00
-8.119709621747357176e+01,-3.797115139835067765e+00
-8.116671910569002080e+01,-3.699814278432402403e+00
-8.113575802375970625e+01,-3.602508393890061722e+00
-8.110421050384172759e+01,-3.505197371426002295e+00
-8.107207411917573836e+01,-3.407881115395346328e+00
-8.103934648412761987e+01,-3.310559549299535664e+00
-8.100602525423413169e+01,-3.213232615794790803e+00
-8.097210812624420839e+01,-3.115900276699703930e+00
-8.093759283816156369e+01,-3.018562513002393644e+00
-8.090247716928355715e+01,-2.921219324866699996e+00
-8.086675894023963451e+01,-2.823870731637823983e+00
-8.083043601302873071e+01,-2.726516771847272480e+00
-8.079350629105388748e+01,-2.629157503216952740e+00
-8.075596771915712679e+01,-2.531793002662795278e+00
-8.071781828365166689e+01,-2.434423366297438385e+00
-8.067905601235288771e+01,-2.337048709432369087e+00
-8.063967897460881318e+01,-2.239669166579312698e+00
-8.059968528132758081e+01,-2.142284891450880746e+00
-8.055907308500498232e+01,-2.044896056960573638e+00
-8.051784057974967368e+01,-1.947502855222048801e+00
-8.047598600130714885e+01,-1.850105497547678279e+00
-8.043350762708281820e+01,-1.752704214446453745e+00
-8.039040377616255739e+01,-1.655299255621094812e+00
-8.034667280933304312e+01,-1.557890889964539394e+00
-8.030231312909978669e+01,-1.460479405555694221e+00
-8.025732317970422969e+01,-1.363065109654469254e+00
-8.021170144713907746e+01,-1.265648328696171054e+00
-8.016544645916258105e+01,-1.168229408285072157e+00
-8.011855678531105696e+01,-1.070808713187404893e+00
-8.007103103691015633e+01,-9.733866273235693978e-01
-8.002286786708467048e+01,-8.759635537596677235e-01
-7.997406597076692947e+01,-7.785399146983582597e-01
-7.992462408470379387e+01,-6.811161514689257901e-01
-7.987454098746211173e+01,-5.836927245167339295e-01
-7.982381549943292498e+01,-4.862701133919354879e-01
-7.977244648283416950e+01,-3.888488167374686277e-01
-7.972043284171192568e+01,-2.914293522764063726e-01
-7.966777352194031891e+01,-1.940122567985018420e-01
-7.961446751121985699e+01,-9.659808614612488964e-02
-7.956051383907470154e+01,8.125848005419711306e-04
-7.950591157684799271e+01,9.821916213903109094e-02
-7.945065983769623585e+01,1.956210329607445397e-01
-7.939475777658206823e+01,2.930175653679333303e-01
-7.933820459026549088e+01,3.904081084912717770e-01
-7.928099951729397787e+01,4.877919925081745656e-01
-7.922314183799096554e+01,5.851685286618348858e-01
-7.916463087444293478e+01,6.825370092808922262e-01
-7.910546599048518601e+01,7.798967077999213737e-01
-7.904564659168606511e+01,8.772468787805209889e-01
-7.898517212533000986e+01,9.745867579331313202e-01
-7.892404208039880587e+01,1.071915562139579281e+00
-7.886225598755190447e+01,1.169232489476258907e+00
-7.879981341910490755e+01,1.266536719238125386e+00
-7.873671398900692964e+01,1.363827411963270730e+00
-7.867295735281648206e+01,1.461103709458263733e+00
-7.860854320767583658e+01,1.558364734824184250e+00
-7.854347129228413849e+01,1.655609592483307191e+00
-7.847774138686899903e+01,1.752837368206584090e+00
-7.841135331315686585e+01,1.850047129141724644e+00
-7.834430693434173065e+01,1.947237923842031870e+00
-7.827660215505270003e+01,2.044408782295915383e+00
-7.820823892131996047e+01,2.141558715957080139e+00
-7.813921722053949281e+01,2.238686717775488333e+00
-7.806953708143629456e+01,2.335791762228931923e+00
-7.799919857402626633e+01,2.432872805355343893e+00
-7.792820180957671994e+01,2.529928784785812734e+00
-7.785654694056542269e+01,2.626958619778222204e+00
-7.778423416063826323e+01,2.723961211251724190e+00
-7.771126370456566690e+01,2.820935441821766698e+00
-7.763763584819740515e+01,2.917880175835895429e+00
-7.756335090841616875e+01,3.014794259410182420e+00
-7.748840924308970557e+01,3.111676520466457152e+00
-7.741281125102163685e+01,3.208525768770118081e+00
-7.733655737190073864e+01,3.305340795968694234e+00
-7.725964808624905800e+01,3.402120375631091598e+00
-7.718208391536846591e+01,3.498863263287488756e+00
-7.710386542128588871e+01,3.595568196470011912e+00
-7.702499320669724625e+01,3.692233894754008539e+00
-7.694546791490991211e+01,3.788859059800067541e+00
-7.686529022978379544e+01,3.885442375396694459e+00
-7.678446087567114375e+01,3.981982507503675439e+00
-7.670298061735496731e+01,4.078478104296179296e+00
-7.662085025998588605e+01,4.174927796209485287e+00
-7.653807064901802448e+01,4.271330195984419653e+00
-7.645464267014301640e+01,4.367683898713486279e+00
-7.637056724922314288e+01,4.463987481887648379e+00
-7.628584535222282170e+01,4.560239505443864694e+00
-7.620047798513876103e+01,4.656438511813238534e+00
-7.611446619392883406e+01,4.752583025969873809e+00
-7.602781106443956105e+01,4.848671555480433604e+00
-7.594051372233229813e+01,4.944702590554318711e+00
-7.585257533300784871e+01,5.040674604094634859e+00
-7.576399710153009437e+01,5.136586051749732817e+00
-7.567478027254790618e+01,5.232435371965475923e+00
-7.558492613021601869e+01,5.328220986038202156e+00
-7.549443599811426964e+01,5.423941298168291070e+00
-7.540331123916574541e+01,5.519594695514529192e+00
-7.531155325555344859e+01,5.615179548249041197e+00
-7.521916348863568658e+01,5.710694209612936056e+00
-7.512614341885998215e+01,5.806137015972659299e+00
-7.503249456567601783e+01,5.901506286876930574e+00
-7.493821848744667591e+01,5.996800325114482355e+00
-7.484331678135825427e+01,6.092017416772365301e+00
-7.474779108332923272e+01,6.187155831294960606e+00
-7.465164306791733395e+01,6.282213821543683352e+00
-7.455487444822594512e+01,6.377189623857290712e+00
-7.445748697580860664e+01,6.472081458112962871e+00
-7.435948244057247791e+01,6.566887527787961254e+00
-7.426086267068035340e+01,6.661606020021991093e+00
-7.416162953245157041e+01,6.756235105680223896e+00
-7.406178493026138199e+01,6.850772939416966523e+00
-7.396133080643905089e+01,6.945217659740053229e+00
-7.386026914116477826e+01,7.039567389075844339e+00
-7.375860195236515438e+01,7.133820233834888391e+00
-7.365633129560740144e+01,7.227974284478298372e+00
-7.355345926399236589e+01,7.322027615584685734e+00
-7.344998798804597584e+01,7.415978285917899093e+00
-7.334591963560974648e+01,7.509824338495302953e+00
-7.324125641172965118e+01,7.603563800656744753e+00
-7.313600055854394100e+01,7.697194684134215592e+00
-7.303015435516959997e+01,7.790714985122090042e+00
-7.292372011758743611e+01,7.884122684348122689e+00
-7.281670019852600717e+01,7.977415747145014890e+00
-7.270909698734411108e+01,8.070592123522665418e+00
-7.260091290991226742e+01,8.163649748241066817e+00
-7.249215042849259305e+01,8.256586540883839476e+00
-7.238281204161762616e+01,8.349400405932465574e+00
-7.227290028396772925e+01,8.442089232841102131e+00
-7.216241772624745465e+01,8.534650896112102814e+00
-7.205136697506027588e+01,8.627083255372092196e+00
-7.193975067278252311e+01,8.719384155448835827e+00
-7.182757149743555658e+01,8.811551426448588131e+00
-7.171483216255707305e+01,8.903582883834211259e+00
-7.160153541707090596e+01,8.995476328503869468e+00
-7.148768404515583086e+01,9.087229546870334573e+00
-7.137328086611283595e+01,9.178840310941042802e+00
-7.125832873423121328e+01,9.270306378398663227e+00
-7.114283053865364082e+01,9.361625492682392746e+00
-7.102678920323971568e+01,9.452795383069840796e+00
-7.091020768642837879e+01,9.543813764759521590e+00
-7.079308898109920278e+01,9.634678338954069332e+00
-7.067543611443218765e+01,9.725386792944005876e+00
-7.055725214776659016e+01,9.815936800192156753e+00
-7.043854017645840315e+01,9.906326020418724454e+00
-7.031930332973662701e+01,9.996552099686910609e+00
-7.019954477055821940e+01,1.008661267048929489e+01
-7.007926769546202195e+01,1.017650535183470772e+01
-6.995847533442135102e+01,1.026622774933580118e+01
-6.983717095069535219e+01,1.035577745529724325e+01
-6.971535784067927466e+01,1.044515204880443804e+01
-6.959303933375333884e+01,1.053434909581303991e+01
-6.947021879213055229e+01,1.062336614923890643e+01
-6.934689961070331776e+01,1.071220074904879027e+01
-6.922308521688877647e+01,1.080085042235158355e+01
-6.909877907047305712e+01,1.088931268349016435e+01
-6.897398466345411805e+01,1.097758503413396269e+01
-6.884870551988369414e+01,1.106566496337198124e+01
-6.872294519570783677e+01,1.115354994780655318e+01
-6.859670727860643069e+01,1.124123745164764543e+01
-6.846999538783138917e+01,1.132872492680774457e+01
-6.834281317404368394e+01,1.141600981299745854e+01
-6.821516431914939460e+01,1.150308953782158383e+01
-6.808705253613437947e+01,1.158996151687587428e+01
-6.795848156889783809e+01,1.167662315384436589e+01
-6.782945519208473684e+01,1.176307184059728428e+01
-6.769997721091715448e+01,1.184930495728961830e+01
-6.757005146102422088e+01,1.193531987246022474e+01
-6.743968180827123149e+01,1.202111394313154591e+01
-6.730887214858736911e+01,1.210668451490994357e+01
-6.717762640779241679e+01,1.219202892208655165e+01
-6.704594854142222005e+01,1.227714448773883227e+01
-6.691384253455311182e+01,1.236202852383262396e+01
-6.678131240162514359e+01,1.244667833132482748e+01
-6.664836218626419395e+01,1.253109120026664058e+01
-6.651499596110309653e+01,1.261526440990739495e+01
-6.638121782760127587e+01,1.269919522879899176e+01
-6.624703191586365847e+01,1.278288091490089506e+01
-6.611244238445833332e+01,1.286631871568570062e+01
-6.597745342023291926e+01,1.294950586824529459e+01
-6.584206923813017909e+01,1.303243959939755037e+01
-6.570629408100217006e+01,1.311511712579368805e+01
-6.557013221942358427e+01,1.319753565402610640e+01
-6.543358795150368223e+01,1.327969238073682945e+01
-6.529666560269754427e+01,1.336158449272652327e+01
-6.515936952561581563e+01,1.344320916706405278e+01
-6.502170409983368415e+01,1.352456357119665142e+01
-6.488367373169855057e+01,1.360564486306061305e+01
-6.474528285413673245e+01,1.368645019119254691e+01
-6.460653592645905974e+01,1.376697669484121178e+01
-6.446743743416556072e+01,1.384722150407987229e+01
-6.432799188874871277e+01,1.392718173991928232e+01
-6.418820382749603937e+01,1.400685451442112672e+01
-6.404807781329135707e+01,1.408623693081209893e+01
-6.390761843441509882e+01,1.416532608359847067e+01
-6.376683030434361399e+01,1.424411905868123007e+01
-6.362571806154729614e+01,1.432261293347177755e+01
-6.348428636928781543e+01,1.440080477700817951e+01
-6.334253991541419282e+01,1.447869165007189451e+01
-6.320048341215791510e+01,1.455627060530510342e+01
-6.305812159592696275e+01,1.463353868732859198e+01
-6.291545922709887861e+01,1.471049293286011483e+01
-6.277250108981277066e+01,1.478713037083331194e+01
-6.262925199176024194e+01,1.486344802251719521e+01
-6.248571676397551755e+01,1.493944290163608990e+01
-6.234190026062425005e+01,1.501511201449021371e+01
-6.219780735879159295e+01,1.509045236007667690e+01
-6.205344295826911605e+01,1.516546093021106856e+01
-6.190881198134075447e+01,1.524013470964955630e+01
-6.176391937256791209e+01,1.531447067621146374e+01
-6.161877009857323628e+01,1.538846580090246619e+01
-6.147336914782385264e+01,1.546211704803818243e+01
-6.132772153041318575e+01,1.553542137536838119e+01
-6.118183227784211198e+01,1.560837573420163338e+01
-6.103570644279906787e+01,1.568097706953050618e+01
-6.088934909893911396e+01,1.575322232015727231e+01
-6.074276534066206779e+01,1.582510841882011832e+01
-6.059596028288971326e+01,1.589663229231982555e+01
-6.044893906084207202e+01,1.596779086164702832e+01
-6.030170682981270147e+01,1.603858104210986113e+01
-6.015426876494294106e+01,1.610899974346224539e+01
-6.000663006099547658e+01,1.617904387003254030e+01
-5.985879593212668226e+01,1.624871032085275857e+01
-5.971077161165820257e+01,1.631799598978829380e+01
-5.956256235184766012e+01,1.638689776566803502e+01
-5.941417342365822662e+01,1.645541253241508528e+01
-5.926561011652743360e+01,1.652353716917793136e+01
-5.911687773813510205e+01,1.659126855046203985e+01
-5.896798161417024176e+01,1.665860354626199324e+01
-5.881892708809716908e+01,1.672553902219408073e+01
-5.866971952092056597e+01,1.679207183962940775e+01
-5.852036429094992087e+01,1.685819885582739275e+01
-5.837086679356267638e+01,1.692391692406982884e+01
-5.822123244096691508e+01,1.698922289379536466e+01
-5.807146666196297247e+01,1.705411361073443288e+01
-5.792157490170401246e+01,1.711858591704470456e+01
-5.777156262145609134e+01,1.718263665144699104e+01
-5.762143529835706346e+01,1.724626264936152964e+01
-5.747119842517472676e+01,1.730946074304484839e+01
-5.732085751006422925e+01,1.737222776172697536e+01
-5.717041807632435280e+01,1.743456053174920228e+01
-5.701988566215322862e+01,1.749645587670219271e+01
-5.686926582040308631e+01,1.755791061756466931e+01
-5.671856411833410760e+01,1.761892157284238891e+01
-5.656778613736766204e+01,1.767948555870770377e+01
-5.641693747283842697e+01,1.773959938913947454e+01
-5.626602373374590371e+01,1.779925987606348414e+01
-5.611505054250508095e+01,1.785846382949321764e+01
-5.596402353469622426e+01,1.791720805767118563e+01
-5.581294835881394079e+01,1.797548936721051049e+01
-5.566183067601532741e+01,1.803330456323712383e+01
-5.551067615986745807e+01,1.809065044953229418e+01
-5.535949049609401129e+01,1.814752382867555269e+01
-5.520827938232108778e+01,1.820392150218813399e+01
-5.505704852782236713e+01,1.825984027067674020e+01
-5.490580365326333379e+01,1.831527693397780965e+01
-5.475455049044479949e+01,1.837022829130211221e+01
-5.460329478204572240e+01,1.842469114137985287e+01
-5.445204228136522318e+01,1.847866228260604871e+01
-5.430079875206379114e+01,1.853213851318650285e+01
-5.414956996790380828e+01,1.858511663128398084e+01
-5.399836171248934136e+01,1.863759343516494837e+01
-5.384717977900510988e+01,1.868956572334661814e+01
-5.369602996995491395e+01,1.874103029474437676e+01
-5.354491809689904613e+01,1.879198394881974821e+01
-5.339384998019120587e+01,1.884242348572853842e+01
-5.324283144871466078e+01,1.889234570646953415e+01
-5.309186833961766894e+01,1.894174741303354637e+01
-5.294096649804813381e+01,1.899062540855275216e+01
-5.279013177688772629e+01,1.903897649745056597e+01
-5.263937003648505453e+01,1.908679748559173817e+01
-5.248868714438848571e+01,1.913408518043294393e+01
-5.233808897507792324e+01,1.918083639117369188e+01
-5.218758140969624293e+01,1.922704792890758796e+01
-5.203717033577979123e+01,1.927271660677401144e+01
-5.188686164698832926e+01,1.931783924011012488e+01
-5.173666124283434442e+01,1.936241264660326067e+01
-5.158657502841165865e+01,1.940643364644363800e+01
-5.143660891412341130e+01,1.944989906247745637e+01
-5.128676881540939547e+01,1.949280572036038350e+01
-5.113706065247265542e+01,1.953515044871130613e+01
-5.098749035000567886e+01,1.957693007926649287e+01
-5.083806383691569408e+01,1.961814144703408758e+01
-5.068878704604967567e+01,1.965878139044891881e+01
-5.053966591391828445e+01,1.969884675152771081e+01
-5.039070638041960137e+01,1.973833437602455376e+01
-5.024191438856211533e+01,1.977724111358676140e+01
-5.009329588418704304e+01,1.981556381791101629e+01
-4.994485681569017999e+01,1.985329934689993436e+01
-4.979660313374300529e+01,1.989044456281879292e+01
-4.964854079101340290e+01,1.992699633245277369e+01
-4.950067574188565800e+01,1.996295152726434807e+01
-4.935301394217995608e+01,1.999830702355110290e+01
-4.920556134887127797e+01,2.003305970260382551e+01
-4.905832391980777629e+01,2.006720645086488730e+01
-4.891130761342853361e+01,2.010074416008699671e+01
-4.876451838848090148e+01,2.013366972749216188e+01
-4.861796220373713595e+01,2.016598005593106535e+01
-4.847164501771067080e+01,2.019767205404262711e+01
-4.832557278837171566e+01,2.022874263641393000e+01
-4.817975147286240656e+01,2.025918872374045776e+01
-4.803418702721145195e+01,2.028900724298655334e+01
-4.788888540604817479e+01,2.031819512754617918e+01
-4.774385256231628460e+01,2.034674931740403281e+01
-4.759909444698679692e+01,2.037466675929684001e+01
-4.745461700877075373e+01,2.040194440687498911e+01
-4.731042619383141101e+01,2.042857922086447076e+01
-4.716652794549577266e+01,2.045456816922894916e+01
-4.702292820396589690e+01,2.047990822733227390e+01
-4.687963290602953492e+01,2.050459637810113023e+01
-4.673664798477041415e+01,2.052862961218803406e+01
-4.659397936927807393e+01,2.055200492813452584e+01
-4.645163298435716115e+01,2.057471933253464158e+01
-4.630961475023645590e+01,2.059676984019864321e+01
-4.616793058227723634e+01,2.061815347431699763e+01
-4.602658639068135926e+01,2.063886726662459026e+01
-4.588558808019895707e+01,2.065890825756519789e+01
-4.574494154983555205e+01,2.067827349645617474e+01
-4.560465269255899301e+01,2.069696004165338366e+01
-4.546472739500573113e+01,2.071496496071642568e+01
-4.532517153718682579e+01,2.073228533057394074e+01
-4.518599099219366622e+01,2.074891823768933463e+01
-4.504719162590311043e+01,2.076486077822658416e+01
-4.490877929668235424e+01,2.078011005821629098e+01
-4.477075985509346623e+01,2.079466319372201610e+01
-4.463313914359735435e+01,2.080851731100676005e+01
-4.449592299625768987e+01,2.082166954669966330e+01
-4.435911723844422738e+01,2.083411704796292696e+01
-4.422272768653586894e+01,2.084585697265897508e+01
-4.408676014762337303e+01,2.085688648951771995e+01
-4.395122041921178635e+01,2.086720277830413295e+01
-4.381611428892242088e+01,2.087680302998592552e+01
-4.368144753419474569e+01,2.088568444690147530e+01
-4.354722592198765341e+01,2.089384424292789078e+01
-4.341345520848063444e+01,2.090127964364933177e+01
-4.328014113877463132e+01,2.090798788652541162e+01
-4.314728944659258048e+01,2.091396622105988357e+01
-4.301490585397962008e+01,2.091921190896938754e+01
-4.288299607100303490e+01,2.092372222435247764e+01
-4.275156579545201652e+01,2.092749445385873486e+01
-4.262062071253703266e+01,2.093052589685808229e+01
-4.249016649458900474e+01,2.093281386561025670e+01
-4.236020880075827222e+01,2.093435568543440795e+01
-4.223075327671320167e+01,2.093514869487890095e+01
-4.210180555433863248e+01,2.093519024589122779e+01
-4.197337125143409509e+01,2.093447770398804053e+01
-4.184545597141175932e+01,2.093300844842542929e+01
-4.171806530299424054e+01,2.093077987236923931e+01
-4.159120481991205764e+01,2.092778938306553016e+01
-4.146488008060107688e+01,2.092403440201123743e+01
-4.133909662789954353e+01,2.091951236512488421e+01
-4.121385998874509937e+01,2.091422072291748080e+01
-4.108917567387159409e+01,2.090815694066347419e+01
-4.096504917750555563e+01,2.090131849857188584e+01
-4.084148597706271033e+01,2.089370289195754538e+01
-4.071849153284417611e+01,2.088530763141237401e+01
-4.059607128773261309e+01,2.087613024297686692e+01
-4.047423066688818238e+01,2.086616826831161831e+01
-4.035297507744428458e+01,2.085541926486895292e+01
-4.023230990820331243e+01,2.084388080606467852e+01
-4.011224052933216200e+01,2.083155048144990573e+01
-3.999277229205764428e+01,2.081842589688296385e+01
-3.987391052836188976e+01,2.080450467470139486e+01
-3.975566055067740479e+01,2.078978445389405394e+01
-3.963802765158232688e+01,2.077426289027325268e+01
-3.952101710349533903e+01,2.075793765664699109e+01
-3.940463415837067629e+01,2.074080644299126774e+01
-3.928888404739291218e+01,2.072286695662244682e+01
-3.917377198067179478e+01,2.070411692236969969e+01
-3.905930314693694072e+01,2.068455408274745366e+01
-3.894548271323247235e+01,2.066417619812798989e+01
-3.883231582461170461e+01,2.064298104691400226e+01
-3.871980760383166142e+01,2.062096642571125571e+01
-3.860796315104762755e+01,2.059813014950126231e+01
-3.849678754350762233e+01,2.057447005181400357e+01
-3.838628583524700133e+01,2.054998398490072375e+01
-3.827646305678278793e+01,2.052466981990665928e+01
-3.816732421480829629e+01,2.049852544704395285e+01
-3.805887429188748428e+01,2.047154877576440768e+01
-3.795111824614949825e+01,2.044373773493240520e+01
-3.784406101098318231e+01,2.041509027299775525e+01
-3.773770749473157338e+01,2.038560435816864214e+01
-3.763206258038648855e+01,2.035527797858448196e+01
-3.752713112528315520e+01,2.032410914248884026e+01
-3.742291796079473443e+01,2.029209587840235685e+01
-3.731942789202713584e+01,2.025923623529564210e+01
-3.721666569751381815e+01,2.022552828276219117e+01
-3.711463612891044761e+01,2.019097011119124474e+01
-3.701334391068996865e+01,2.015555983194067835e+01
-3.691279373983751100e+01,2.011929557750987030e+01
-3.681299028554551001e+01,2.008217550171253052e+01
-3.671393818890889804e+01,2.004419777984948325e+01
-3.661564206262035981e+01,2.000536060888146395e+01
-3.651810649066572978e+01,1.996566220760186283e+01
-3.642133602801960990e+01,1.992510081680940814e+01
-3.632533520034090202e+01,1.988367469948083510e+01
-3.623010850366874536e+01,1.984138214094351937e+01
-3.613566040411827629e+01,1.979822144904798620e+01
-3.604199533757690688e+01,1.975419095434046213e+01
-3.594911770940048967e+01,1.970928901023531665e+01
-3.585703189410970992e+01,1.966351399318741500e+01
-3.576574223508676909e+01,1.961686430286447447e+01
-3.567525304427208965e+01,1.956933836231927515e+01
-3.558556860186136106e+01,1.952093461816186704e+01
-3.549669315600263531e+01,1.947165154073161375e+01
-3.540863092249376365e+01,1.942148762426922914e+01
-3.532138608448003936e+01,1.937044138708872509e+01
-3.523496279215189020e+01,1.931851137174915323e+01
-3.514936516244297593e+01,1.926569614522641061e+01
-3.506459727872859844e+01,1.921199429908483935e+01
-3.498066319052403372e+01,1.915740444964875522e+01
-3.489756691318348913e+01,1.910192523817386245e+01
-3.481531242759908196e+01,1.904555533101857279e+01
-3.473390367990010930e+01,1.898829341981516095e+01
-3.465334458115280114e+01,1.893013822164084914e+01
-3.457363900706001658e+01,1.887108847918874233e+01
-3.449479079766162215e+01,1.881114296093864624e+01
-3.441680375703479200e+01,1.875030046132772554e+01
-3.433968165299490494e+01,1.868855980092104119e+01
-3.426342821679661910e+01,1.862591982658195278e+01
-3.418804714283533031e+01,1.856237941164235750e+01
-3.411354208834895729e+01,1.849793745607280826e+01
-3.403991667311993297e+01,1.843259288665240447e+01
-3.396717447917784938e+01,1.836634465713859043e+01
-3.389531905050215244e+01,1.829919174843682939e+01
-3.382435389272534110e+01,1.823113316876992229e+01
-3.375428247283659289e+01,1.816216795384742611e+01
-3.368510821888562390e+01,1.809229516703462082e+01
-3.361683451968708169e+01,1.802151389952151561e+01
-3.354946472452524375e+01,1.794982327049150328e+01
-3.348300214285919196e+01,1.787722242728994715e+01
-3.341745004402835661e+01,1.780371054559251576e+01
-3.335281165695844408e+01,1.772928682957329727e+01
-3.328909016986794711e+01,1.765395051207276467e+01
-3.322628872997488969e+01,1.757770085476545674e+01
-3.316441044320418285e+01,1.750053714832757024e+01
-3.310345837389540691e+01,1.742245871260419676e+01
-3.304343554451097020e+01,1.734346489677643888e+01
-3.298434493534481504e+01,1.726355507952820290e+01
-3.292618948423161385e+01,1.718272866921288156e+01
-3.286897208625643430e+01,1.710098510401969563e+01
-3.281269559346488052e+01,1.701832385213989340e+01
-3.275736281457374588e+01,1.693474441193255942e+01
-3.270297651468225553e+01,1.685024631209036627e+01
-3.264953941498370682e+01,1.676482911180487534e+01
-3.259705419247773506e+01,1.667849240093174856e+01
-3.254552347968309789e+01,1.659123580015562283e+01
-3.249494986435100685e+01,1.650305896115465387e+01
-3.244533588917896338e+01,1.641396156676492524e+01
-3.239668405152523434e+01,1.632394333114446283e+01
-3.234899680312388881e+01,1.623300399993705412e+01
-3.230227654980036789e+01,1.614114335043571202e+01
-3.225652565118773651e+01,1.604836119174589371e+01
-3.221174642044337588e+01,1.595465736494839071e+01
-3.216794112396647165e+01,1.586003174326195975e+01
-3.212511198111599953e+01,1.576448423220565154e+01
-3.208326116392935035e+01,1.566801476976073815e+01
-3.204239079684163727e+01,1.557062332653245562e+01
-3.200250295640559273e+01,1.547230990591134692e+01
-3.196359967101210131e+01,1.537307454423428510e+01
-3.192568292061150359e+01,1.527291731094525673e+01
-3.188875463643540797e+01,1.517183830875565675e+01
-3.185281670071932325e+01,1.506983767380437200e+01
-3.181787094642588087e+01,1.496691557581749343e+01
-3.178391915696875003e+01,1.486307221826763936e+01
-3.175096306593738049e+01,1.475830783853302286e+01
-3.171900435682228192e+01,1.465262270805601830e+01
-3.168804466274112031e+01,1.454601713250150397e+01
-3.165808556616556046e+01,1.443849145191475536e+01
-3.162912859864876935e+01,1.433004604087899914e+01
-3.160117524055374005e+01,1.422068130867263136e+01
-3.157422692078233695e+01,1.411039769942594191e+01
-3.154828501650506922e+01,1.399919569227756533e+01
-3.152335085289172056e+01,1.388707580153047871e+01
-3.149942570284268939e+01,1.377403857680764609e+01
-3.147651078672114622e+01,1.366008460320726137e+01
-3.145460727208598684e+01,1.354521450145751160e+01
-3.143371627342558128e+01,1.342942892807101352e+01
-3.141383885189235414e+01,1.331272857549882715e+01
-3.139497601503821400e+01,1.319511417228399530e+01
-3.137712871655073243e+01,1.307658648321477202e+01
-3.136029785599029296e+01,1.295714630947723300e+01
-3.134448427852794694e+01,1.283679448880764618e+01
-3.132968877468426072e+01,1.271553189564430042e+01
-3.131591208006894078e+01,1.259335944127887785e+01
-3.130315487512140038e+01,1.247027807400749744e+01
-3.129141778485217529e+01,1.234628877928111557e+01
-3.128070137858522770e+01,1.222139257985561223e+01
-3.127100616970122360e+01,1.209559053594138867e+01
-3.126233261538161301e+01,1.196888374535243216e+01
-3.125468111635375479e+01,1.184127334365502726e+01
-3.124805201663689758e+01,1.171276050431581517e+01
-3.124244560328910225e+01,1.158334643884953152e+01
-3.123786210615514491e+01,1.145303239696616870e+01
-3.123430169761540043e+01,1.132181966671765672e+01
-3.123176449233563190e+01,1.118970957464410354e+01
-3.123025054701776781e+01,1.105670348591939600e+01
-3.122975986015176275e+01,1.092280280449642405e+01
-3.123029237176829298e+01,1.078800897325174191e+01
-3.123184796319261380e+01,1.065232347412968572e+01
-3.123442645679932284e+01,1.051574782828604526e+01
-3.123802761576821396e+01,1.037828359623106067e+01
-3.124265114384109410e+01,1.023993237797203015e+01
-3.124829668507973679e+01,1.010069581315531551e+01
-3.125496382362478798e+01,9.960575581207779194e+00
-3.126265208345582636e+01,9.819573401477756036e+00
-3.127136092815239010e+01,9.677691033375328544e+00
-3.128108976065619018e+01,9.534930276512172398e+00
-3.129183792303432554e+01,9.391292970840780185e+00
-3.130360469624364583e+01,9.246780996793098950e+00
-3.131638929989619058e+01,9.101396275418668580e+00
-3.133019089202578300e+01,8.955140768522037220e+00
-3.134500856885570030e+01,8.808016478799721938e+00
-3.136084136456751637e+01,8.660025449976499701e+00
-3.137768825107105997e+01,8.511169766941199200e+00
-3.139554813777555964e+01,8.361451555881714626e+00
-3.141441987136193958e+01,8.210872984419571807e+00
-3.143430223555622405e+01,8.059436261743822882e+00
-3.145519395090426684e+01,7.907143638744290826e+00
-3.147709367454749341e+01,7.753997408144293502e+00
-3.150000000000000000e+01,7.599999904632568359e+00
